0.6561371437924404 0.9865581842896959
0.6705321429822075 1.0
0.21949922341805098 1.0
0.2201245558640929 0.8941729653507065
0.2490104387391611 0.7860427964621604

1.0 0.4621252334941014
1.0 0.5351135156135561
0.7761539775581272 0.7844662413928856
0.5854609328882099 0.5563630707966651
0.94536089142254 0.4479182644763829

0.0 0.3287382941661506
0.0 0.0
0.18053513645527053 0.0
0.22603564326488124 0.11592720692047373

1.3877787807814457e-17 0.6383559197187375
0.23066036909921472 0.7311532216231152
0.23907357934793746 0.7372190234195507
0.249010438739161 0.7860427964621604
0.22012455586409296 0.8941729653507061
0.019952696409242868 0.9110367537533197
0.0 0.9038239726758696

0.5854609328882098 0.5563630707966651
0.7761539775581272 0.7844662413928856
0.7168333599650772 1.0
0.6705321429822074 1.0
0.6561371437924405 0.986558184289696
0.45627728417983615 0.6105866317257286
0.5051455791073004 0.5314464887298705

0.019952696409242826 0.9110367537533197
0.06201506070803143 1.0
0.0 1.0
0.0 0.9038239726758696

1.0 0.0
1.0 0.4621252334941015
0.94536089142254 0.44791826447638294
0.7017703381849243 0.2894444230607816
0.7238199367260292 0.17085282911687144
0.7604615492721887 0.0598948187519342
0.8018561803958192 0.0

0.3073824295491009 0.23243479233154035
0.10686079954820249 0.3533453997673295
0.0 0.35911071442607423
0.0 0.3287382941661505
0.22603564326488124 0.11592720692047372

0.45627728417983615 0.6105866317257286
0.23907357934793746 0.7372190234195507
0.23066036909921486 0.7311532216231154
0.25909724262654277 0.44854516125233673
0.4198051714958867 0.43627088241095163
0.4928482025298572 0.47621395608778194
0.5051455791073004 0.5314464887298705

0.31033139627461204 0.23257164542955727
0.45533839521521075 0.13717897113553992
0.5831875265478915 0.3231719546365073
0.4928482025298572 0.47621395608778205
0.4198051714958867 0.43627088241095163

0.45760953479869804 0.12316564840879332
0.7604615492721887 0.059894818751934115
0.7238199367260292 0.1708528291168713
0.4561762809104888 0.13369489949517377

0.31033139627461215 0.23257164542955727
0.41980517149588675 0.4362708824109517
0.25909724262654277 0.4485451612523368
0.10686079954820246 0.3533453997673295
0.30738242954910083 0.23243479233154032

0.6561371437924404 0.9865581842896959
0.24901043873916107 0.7860427964621604
0.23907357934793752 0.7372190234195507
0.45627728417983615 0.6105866317257287

0.0 0.6383559197187375
0.0 0.35911071442607423
0.10686079954820249 0.3533453997673295
0.2590972426265428 0.44854516125233673
0.23066036909921486 0.7311532216231154

0.8018561803958191 6.938893903907228e-18
0.7604615492721887 0.05989481875193413
0.4576095347986979 0.12316564840879332
0.43568897704359877 0.0

0.45533839521521075 0.13717897113553992
0.4561762809104888 0.13369489949517366
0.7238199367260292 0.17085282911687122
0.7017703381849243 0.28944442306078155
0.5831875265478915 0.3231719546365072

0.22012455586409302 0.8941729653507061
0.21949922341805106 1.0
0.062015060708031436 1.0
0.01995269640924289 0.9110367537533197

1.0 0.535113515613556
1.0 1.0
0.7168333599650772 1.0
0.7761539775581272 0.7844662413928856

0.457609534798698 0.12316564840879327
0.4561762809104887 0.13369489949517405
0.45533839521521075 0.13717897113553984
0.31033139627461204 0.23257164542955724
0.3073824295491009 0.23243479233154032
0.22603564326488132 0.11592720692047391
0.18053513645527058 0.0
0.43568897704359877 -1.3877787807814457e-17

0.4928482025298572 0.47621395608778194
0.5831875265478915 0.3231719546365073
0.7017703381849243 0.2894444230607816
0.94536089142254 0.4479182644763829
0.5854609328882098 0.5563630707966651
0.5051455791073005 0.5314464887298705

0 0
0 1
1 1
1 0
0 0
