100 0 8 0.05 45726.84161152831 1684.9683761414033 
100 0 16 0.022 30986.28059675669 1684.9683761414033 
100 0 32 0.022 30986.28059675669 1684.9683761414033 
100 0 64 0.024 33290.25638555104 1684.9683761414033 
100 0 96 0.024 33290.25638555104 1684.9683761414033 
100 0 128 0.024 33290.25638555104 1684.9683761414033 
100 0 256 0.024 33290.25638555104 1684.9683761414033 
1k 0 8 0.02 4871.433623963911 1510.8491846819643 
1k 0 16 0.02 4871.433623963911 1510.8491846819643 
1k 0 32 0.006 1528.5597313305377 1510.8491846819643 
1k 0 64 0.002 1063.230470066851 1510.8491846819643 
1k 0 96 0.002 1063.230470066851 1510.8491846819643 
1k 0 128 0.002 1063.230470066851 1510.8491846819643 
1k 0 256 0 0 1510.8491846819643 
10k 0 8 0.018 2171.318605426225 513.2917730177478 
10k 0 16 0.015 1957.4259388044748 513.2917730177478 
10k 0 32 0.002 167.81599266196065 513.2917730177478 
10k 0 64 0.002 167.81599266196065 513.2917730177478 
10k 0 96 0 0 513.2917730177478 
10k 0 128 0 0 513.2917730177478 
10k 0 256 0 0 513.2917730177478 
100k 0 8 0.007 129.39130941851056 207.64806282600046 
100k 0 16 0.029 1677.6091956384946 207.64806282600046 
100k 0 32 0.006 102.54477097747501 207.64806282600046 
100k 0 64 0.002 34.890541096654836 207.64806282600046 
100k 0 96 0 0 207.64806282600046 
100k 0 128 0 0 207.64806282600046 
100k 0 256 0 0 207.64806282600046 
1m 0 8 0.081 2585.5857399934566 137.54322839693904 
1m 0 16 0.067 2197.5145090846363 137.54322839693904 
1m 0 32 0.039 1218.427257947253 137.54322839693904 
1m 0 64 0.034 1129.740658628722 137.54322839693904 
1m 0 96 0.034 1129.740658628722 137.54322839693904 
1m 0 128 0.033 1079.2137730326963 137.54322839693904 
1m 0 256 0.033 1079.2137730326963 137.54322839693904 
100 1 8 0.036 15313.53043920362 970.2658845201937 
100 1 16 0 0 970.2658845201937 
100 1 32 0 0 970.2658845201937 
100 1 64 0 0 970.2658845201937 
100 1 96 0 0 970.2658845201937 
100 1 128 0 0 970.2658845201937 
100 1 256 0 0 970.2658845201937 
1k 1 8 0.02 3304.271295612625 1501.2645858985645 
1k 1 16 0.019 3294.3653638410424 1501.2645858985645 
1k 1 32 0.001 123.92455902083218 1501.2645858985645 
1k 1 64 0.001 123.92455902083218 1501.2645858985645 
1k 1 96 0.001 123.92455902083218 1501.2645858985645 
1k 1 128 0.001 123.92455902083218 1501.2645858985645 
1k 1 256 0 0 1501.2645858985645 
10k 1 8 0.007 684.728392943131 670.1674222885728 
10k 1 16 0.007 684.728392943131 670.1674222885728 
10k 1 32 0.001 221.66592157705432 670.1674222885728 
10k 1 64 0.001 221.66592157705432 670.1674222885728 
10k 1 96 0.001 221.66592157705432 670.1674222885728 
10k 1 128 0.001 221.66592157705432 670.1674222885728 
10k 1 256 0.001 221.66592157705432 670.1674222885728 
100k 1 8 0.01 278.25215287749387 191.15467066146044 
100k 1 16 0.033 1633.3491911609426 191.15467066146044 
100k 1 32 0 0 191.15467066146044 
100k 1 64 0 0 191.15467066146044 
100k 1 96 0 0 191.15467066146044 
100k 1 128 0 0 191.15467066146044 
100k 1 256 0 0 191.15467066146044 
1m 1 8 0.049 1249.8820487849364 61.80286200860039 
1m 1 16 0.037 999.5366755572635 61.80286200860039 
1m 1 32 0.007 246.9436909204455 61.80286200860039 
1m 1 64 0.001 19.15746971426954 61.80286200860039 
1m 1 96 0.001 19.15746971426954 61.80286200860039 
1m 1 128 0 0 61.80286200860039 
1m 1 256 0 0 61.80286200860039 
100 2 8 0.046 29702.991800872576 2089.5843856719453 
100 2 16 0.009 3117.3901657772817 2089.5843856719453 
100 2 32 0.009 3117.3901657772817 2089.5843856719453 
100 2 64 0.034 28277.28705013361 2089.5843856719453 
100 2 96 0.034 28277.28705013361 2089.5843856719453 
100 2 128 0.034 28277.28705013361 2089.5843856719453 
100 2 256 0.034 28277.28705013361 2089.5843856719453 
1k 2 8 0.025 7883.805520064552 1076.48050857849 
1k 2 16 0.025 7883.805520064552 1076.48050857849 
1k 2 32 0.005 1493.7528991288102 1076.48050857849 
1k 2 64 0 0 1076.48050857849 
1k 2 96 0 0 1076.48050857849 
1k 2 128 0 0 1076.48050857849 
1k 2 256 0 0 1076.48050857849 
10k 2 8 0.04 5546.645635480436 243.41676028439895 
10k 2 16 0.005 634.0110000457258 243.41676028439895 
10k 2 32 0 0 243.41676028439895 
10k 2 64 0 0 243.41676028439895 
10k 2 96 0 0 243.41676028439895 
10k 2 128 0 0 243.41676028439895 
10k 2 256 0 0 243.41676028439895 
100k 2 8 0.053 3580.873243430369 49.898225966909635 
100k 2 16 0.026 1876.7183800280736 49.898225966909635 
100k 2 32 0.008 312.5304311741716 49.898225966909635 
100k 2 64 0.002 132.09585159052395 49.898225966909635 
100k 2 96 0.001 90.603665243114 49.898225966909635 
100k 2 128 0.001 90.603665243114 49.898225966909635 
100k 2 256 0.001 90.603665243114 49.898225966909635 
1m 2 8 0.054 1748.106318058878 74.67454073154411 
1m 2 16 0.044 1457.6359053705976 74.67454073154411 
1m 2 32 0.018 583.0348980695886 74.67454073154411 
1m 2 64 0.013 537.4189852717465 74.67454073154411 
1m 2 96 0.013 537.4189852717465 74.67454073154411 
1m 2 128 0.013 536.3850739536645 74.67454073154411 
1m 2 256 0.013 536.3850739536645 74.67454073154411 
100 3 8 0.051 31819.81657193504 1736.8193326776113 
100 3 16 0.041 29078.334947084964 1736.8193326776113 
100 3 32 0 0 1736.8193326776113 
100 3 64 0 0 1736.8193326776113 
100 3 96 0 0 1736.8193326776113 
100 3 128 0 0 1736.8193326776113 
100 3 256 0 0 1736.8193326776113 
1k 3 8 0.025 4699.931900265148 996.1276220234346 
1k 3 16 0.019 5867.617631904732 996.1276220234346 
1k 3 32 0 0 996.1276220234346 
1k 3 64 0 0 996.1276220234346 
1k 3 96 0 0 996.1276220234346 
1k 3 128 0 0 996.1276220234346 
1k 3 256 0 0 996.1276220234346 
10k 3 8 0.01 828.2034526419318 468.01320323790117 
10k 3 16 0.01 828.2034526419318 468.01320323790117 
10k 3 32 0.002 21.014157291118522 468.01320323790117 
10k 3 64 0.002 21.014157291118522 468.01320323790117 
10k 3 96 0.001 10.346320547064067 468.01320323790117 
10k 3 128 0.001 10.346320547064067 468.01320323790117 
10k 3 256 0.001 10.346320547064067 468.01320323790117 
100k 3 8 0.043 2102.331079634489 164.763213943253 
100k 3 16 0.028 1220.2143991871246 164.763213943253 
100k 3 32 0.007 90.45858815065603 164.763213943253 
100k 3 64 0.003 23.203544215889707 164.763213943253 
100k 3 96 0 0 164.763213943253 
100k 3 128 0 0 164.763213943253 
100k 3 256 0 0 164.763213943253 
1m 3 8 0.038 1188.9049057715627 81.78507111096131 
1m 3 16 0.032 831.7371730894824 81.78507111096131 
1m 3 32 0.004 79.40222496939629 81.78507111096131 
1m 3 64 0.002 39.41145671701904 81.78507111096131 
1m 3 96 0.002 39.41145671701904 81.78507111096131 
1m 3 128 0.001 3.0711986729287166 81.78507111096131 
1m 3 256 0.001 3.0711986729287166 81.78507111096131 
100 4 8 0.076 83251.3429280157 2825.013903539439 
100 4 16 0.038 49326.08051005284 2825.013903539439 
100 4 32 0.053 59706.137831386244 2825.013903539439 
100 4 64 0.053 59706.137831386244 2825.013903539439 
100 4 96 0.053 59706.137831386244 2825.013903539439 
100 4 128 0.053 59706.137831386244 2825.013903539439 
100 4 256 0.053 59706.137831386244 2825.013903539439 
1k 4 8 0.053 11599.807237200206 583.6550641824068 
1k 4 16 0.028 4721.292048094696 583.6550641824068 
1k 4 32 0.004 637.53416040328 583.6550641824068 
1k 4 64 0.004 637.53416040328 583.6550641824068 
1k 4 96 0 0 583.6550641824068 
1k 4 128 0 0 583.6550641824068 
1k 4 256 0 0 583.6550641824068 
10k 4 8 0.015 1257.1899172936764 687.0072480540172 
10k 4 16 0.015 1257.1899172936764 687.0072480540172 
10k 4 32 0.001 23.6091072969879 687.0072480540172 
10k 4 64 0.001 23.6091072969879 687.0072480540172 
10k 4 96 0.001 23.6091072969879 687.0072480540172 
10k 4 128 0.001 23.6091072969879 687.0072480540172 
10k 4 256 0.001 23.6091072969879 687.0072480540172 
100k 4 8 0.057 3382.7148883510226 169.26606216453303 
100k 4 16 0.043 2266.7410139954936 169.26606216453303 
100k 4 32 0.011 476.0877923703032 169.26606216453303 
100k 4 64 0.001 15.255117356204254 169.26606216453303 
100k 4 96 0 0 169.26606216453303 
100k 4 128 0 0 169.26606216453303 
100k 4 256 0 0 169.26606216453303 
1m 4 8 0.061 1694.3786589701142 139.80927010379992 
1m 4 16 0.051 1397.2782567281947 139.80927010379992 
1m 4 32 0.021 655.9504440342839 139.80927010379992 
1m 4 64 0.016 466.09053154894394 139.80927010379992 
1m 4 96 0.016 466.09053154894394 139.80927010379992 
1m 4 128 0.015 457.85713372507894 139.80927010379992 
1m 4 256 0.015 457.85713372507894 139.80927010379992 
100 10 8 0.047 31069.425400163287 970.0282493035016 
100 10 16 0.005 2854.0563943463594 970.0282493035016 
100 10 32 0 0 970.0282493035016 
100 10 64 0 0 970.0282493035016 
100 10 96 0 0 970.0282493035016 
100 10 128 0 0 970.0282493035016 
100 10 256 0 0 970.0282493035016 
1k 10 8 0.023 4865.805467865207 1348.2307535576313 
1k 10 16 0.022 4844.638623702749 1348.2307535576313 
1k 10 32 0.003 223.54177269002656 1348.2307535576313 
1k 10 64 0.001 70.23754438159988 1348.2307535576313 
1k 10 96 0.001 70.23754438159988 1348.2307535576313 
1k 10 128 0.001 70.23754438159988 1348.2307535576313 
1k 10 256 0 0 1348.2307535576313 
10k 10 8 0.01 993.6109656612176 357.56340465088323 
10k 10 16 0.01 993.6109656612176 357.56340465088323 
10k 10 32 0.003 275.5730078889244 357.56340465088323 
10k 10 64 0.003 275.5730078889244 357.56340465088323 
10k 10 96 0.001 131.39545424936782 357.56340465088323 
10k 10 128 0.001 131.39545424936782 357.56340465088323 
10k 10 256 0.001 131.39545424936782 357.56340465088323 
100k 10 8 0.048 3296.4849630205517 190.86215402146937 
100k 10 16 0.03 1959.8157692148634 190.86215402146937 
100k 10 32 0.006 557.4271937547405 190.86215402146937 
100k 10 64 0.001 84.87517034699029 190.86215402146937 
100k 10 96 0.001 84.87517034699029 190.86215402146937 
100k 10 128 0.001 84.87517034699029 190.86215402146937 
100k 10 256 0.001 84.87517034699029 190.86215402146937 
1m 10 8 0.071 2151.2080059961672 137.9164849128055 
1m 10 16 0.056 1897.4821156010955 137.9164849128055 
1m 10 32 0.026 969.6176590988907 137.9164849128055 
1m 10 64 0.023 906.2603347601876 137.9164849128055 
1m 10 96 0.023 906.2603347601876 137.9164849128055 
1m 10 128 0.023 906.2603347601876 137.9164849128055 
1m 10 256 0.023 906.2603347601876 137.9164849128055 
100 11 8 0.028 13833.800436872038 1695.7593137345768 
100 11 16 0.018 8091.834995831687 1695.7593137345768 
100 11 32 0 0 1695.7593137345768 
100 11 64 0 0 1695.7593137345768 
100 11 96 0 0 1695.7593137345768 
100 11 128 0 0 1695.7593137345768 
100 11 256 0 0 1695.7593137345768 
1k 11 8 0.016 4059.1907131617672 686.3255315263378 
1k 11 16 0.016 4059.1907131617672 686.3255315263378 
1k 11 32 0.003 609.5179178444833 686.3255315263378 
1k 11 64 0 0 686.3255315263378 
1k 11 96 0 0 686.3255315263378 
1k 11 128 0 0 686.3255315263378 
1k 11 256 0 0 686.3255315263378 
10k 11 8 0.013 2479.2371458772272 544.4882036222216 
10k 11 16 0.025 4259.380321953135 544.4882036222216 
10k 11 32 0.003 113.97405309370544 544.4882036222216 
10k 11 64 0.003 113.97405309370544 544.4882036222216 
10k 11 96 0 0 544.4882036222216 
10k 11 128 0 0 544.4882036222216 
10k 11 256 0 0 544.4882036222216 
100k 11 8 0.058 2654.42236889774 228.94071272352951 
100k 11 16 0.03 1286.3991152317094 228.94071272352951 
100k 11 32 0 0 228.94071272352951 
100k 11 64 0 0 228.94071272352951 
100k 11 96 0 0 228.94071272352951 
100k 11 128 0 0 228.94071272352951 
100k 11 256 0 0 228.94071272352951 
1m 11 8 0.053 1385.913289066075 105.46424921856041 
1m 11 16 0.043 1170.5087895993581 105.46424921856041 
1m 11 32 0.008 121.29793094276668 105.46424921856041 
1m 11 64 0.001 14.449280719107723 105.46424921856041 
1m 11 96 0.001 14.449280719107723 105.46424921856041 
1m 11 128 0 0 105.46424921856041 
1m 11 256 0 0 105.46424921856041 
100 12 8 0.054 39459.65314260936 3169.7515580856066 
100 12 16 0.018 19941.58002094712 3169.7515580856066 
100 12 32 0.034 28457.15626305359 3169.7515580856066 
100 12 64 0.034 28457.15626305359 3169.7515580856066 
100 12 96 0.034 28457.15626305359 3169.7515580856066 
100 12 128 0.034 28457.15626305359 3169.7515580856066 
100 12 256 0.034 28457.15626305359 3169.7515580856066 
1k 12 8 0.049 16187.91209290677 1775.5638758177606 
1k 12 16 0.025 10618.699533725568 1775.5638758177606 
1k 12 32 0.002 285.99037806452253 1775.5638758177606 
1k 12 64 0.001 122.36588719059341 1775.5638758177606 
1k 12 96 0.001 122.36588719059341 1775.5638758177606 
1k 12 128 0.001 122.36588719059341 1775.5638758177606 
1k 12 256 0 0 1775.5638758177606 
10k 12 8 0.018 2376.558470933138 309.18756736598505 
10k 12 16 0.018 2376.558470933138 309.18756736598505 
10k 12 32 0 0 309.18756736598505 
10k 12 64 0 0 309.18756736598505 
10k 12 96 0 0 309.18756736598505 
10k 12 128 0 0 309.18756736598505 
10k 12 256 0 0 309.18756736598505 
100k 12 8 0.039 2321.2850399249237 305.74218504484514 
100k 12 16 0.029 1305.2314299151435 305.74218504484514 
100k 12 32 0.002 34.607125376651744 305.74218504484514 
100k 12 64 0.002 34.607125376651744 305.74218504484514 
100k 12 96 0 0 305.74218504484514 
100k 12 128 0 0 305.74218504484514 
100k 12 256 0 0 305.74218504484514 
1m 12 8 0.086 2685.890241146352 153.20394910311563 
1m 12 16 0.076 2362.101388270971 153.20394910311563 
1m 12 32 0.038 1110.8534680793446 153.20394910311563 
1m 12 64 0.034 1064.0265674717468 153.20394910311563 
1m 12 96 0.034 1064.0265674717468 153.20394910311563 
1m 12 128 0.031 967.5647824091548 153.20394910311563 
1m 12 256 0.031 967.5647824091548 153.20394910311563 
100 13 8 0.033 30025.41382182268 565.3518080422411 
100 13 16 0.003 1677.8318253044629 565.3518080422411 
100 13 32 0 0 565.3518080422411 
100 13 64 0 0 565.3518080422411 
100 13 96 0 0 565.3518080422411 
100 13 128 0 0 565.3518080422411 
100 13 256 0 0 565.3518080422411 
1k 13 8 0.043 12385.683259951415 265.4328006454741 
1k 13 16 0.014 4042.974106080422 265.4328006454741 
1k 13 32 0.002 292.2840045661699 265.4328006454741 
1k 13 64 0 0 265.4328006454741 
1k 13 96 0 0 265.4328006454741 
1k 13 128 0 0 265.4328006454741 
1k 13 256 0 0 265.4328006454741 
10k 13 8 0.013 747.650905715221 687.4578287398303 
10k 13 16 0.013 747.650905715221 687.4578287398303 
10k 13 32 0.006 231.60410356771416 687.4578287398303 
10k 13 64 0.006 231.60410356771416 687.4578287398303 
10k 13 96 0.002 85.82286738010997 687.4578287398303 
10k 13 128 0.002 85.82286738010997 687.4578287398303 
10k 13 256 0.002 85.82286738010997 687.4578287398303 
100k 13 8 0.043 2853.9767042443605 346.43903587325894 
100k 13 16 0.026 1959.9745308200334 346.43903587325894 
100k 13 32 0.002 68.72831354658032 346.43903587325894 
100k 13 64 0.002 68.72831354658032 346.43903587325894 
100k 13 96 0 0 346.43903587325894 
100k 13 128 0 0 346.43903587325894 
100k 13 256 0 0 346.43903587325894 
1m 13 8 0.037 1389.7962996217018 67.40612339163071 
1m 13 16 0.028 1154.511463112551 67.40612339163071 
1m 13 32 0.004 80.50534485702002 67.40612339163071 
1m 13 64 0.001 58.88745584452044 67.40612339163071 
1m 13 96 0.001 58.88745584452044 67.40612339163071 
1m 13 128 0.001 58.88745584452044 67.40612339163071 
1m 13 256 0.001 58.88745584452044 67.40612339163071 
100 14 8 0.075 59379.90815251247 4382.472681178979 
100 14 16 0.029 29661.175347484947 4382.472681178979 
100 14 32 0.04 39278.70886442305 4382.472681178979 
100 14 64 0.04 39278.70886442305 4382.472681178979 
100 14 96 0.04 39278.70886442305 4382.472681178979 
100 14 128 0.04 39278.70886442305 4382.472681178979 
100 14 256 0.04 39278.70886442305 4382.472681178979 
1k 14 8 0.023 6994.050371827249 2006.4920920511724 
1k 14 16 0.023 6994.050371827249 2006.4920920511724 
1k 14 32 0.004 2038.1971781972743 2006.4920920511724 
1k 14 64 0.001 30.221930301610612 2006.4920920511724 
1k 14 96 0.001 30.221930301610612 2006.4920920511724 
1k 14 128 0.001 30.221930301610612 2006.4920920511724 
1k 14 256 0 0 2006.4920920511724 
10k 14 8 0.01 2104.6860763439186 637.3505310325003 
10k 14 16 0.01 2104.6860763439186 637.3505310325003 
10k 14 32 0.001 658.4721028147717 637.3505310325003 
10k 14 64 0.001 658.4721028147717 637.3505310325003 
10k 14 96 0 0 637.3505310325003 
10k 14 128 0 0 637.3505310325003 
10k 14 256 0 0 637.3505310325003 
100k 14 8 0.009 368.57229792500107 177.80032318012059 
100k 14 16 0.037 1700.0645589117985 177.80032318012059 
100k 14 32 0.001 14.814774797005608 177.80032318012059 
100k 14 64 0.001 14.814774797005608 177.80032318012059 
100k 14 96 0 0 177.80032318012059 
100k 14 128 0 0 177.80032318012059 
100k 14 256 0 0 177.80032318012059 
1m 14 8 0.096 3137.231382153871 37.18307079258853 
1m 14 16 0.084 2778.0776229750327 37.18307079258853 
1m 14 32 0.056 1745.8142747789816 37.18307079258853 
1m 14 64 0.049 1625.7477911401268 37.18307079258853 
1m 14 96 0.049 1625.7477911401268 37.18307079258853 
1m 14 128 0.047 1527.547968763735 37.18307079258853 
1m 14 256 0.047 1527.547968763735 37.18307079258853 
100 15 8 0.064 44483.85329488972 1798.6798997921799 
100 15 16 0.043 36377.212070608424 1798.6798997921799 
100 15 32 0 0 1798.6798997921799 
100 15 64 0 0 1798.6798997921799 
100 15 96 0 0 1798.6798997921799 
100 15 128 0 0 1798.6798997921799 
100 15 256 0 0 1798.6798997921799 
1k 15 8 0.011 3284.604164823697 789.8855265727294 
1k 15 16 0.011 3284.604164823697 789.8855265727294 
1k 15 32 0.002 344.3962495836323 789.8855265727294 
1k 15 64 0 0 789.8855265727294 
1k 15 96 0 0 789.8855265727294 
1k 15 128 0 0 789.8855265727294 
1k 15 256 0 0 789.8855265727294 
10k 15 8 0.014 1600.3087459056173 394.3132116739499 
10k 15 16 0.012 1558.5485806511324 394.3132116739499 
10k 15 32 0 0 394.3132116739499 
10k 15 64 0 0 394.3132116739499 
10k 15 96 0 0 394.3132116739499 
10k 15 128 0 0 394.3132116739499 
10k 15 256 0 0 394.3132116739499 
100k 15 8 0.049 3052.1728941161646 155.12788931686816 
100k 15 16 0.028 1822.1251923122115 155.12788931686816 
100k 15 32 0.002 122.81293310008701 155.12788931686816 
100k 15 64 0.002 122.81293310008701 155.12788931686816 
100k 15 96 0 0 155.12788931686816 
100k 15 128 0 0 155.12788931686816 
100k 15 256 0 0 155.12788931686816 
1m 15 8 0.049 1421.0635219774583 144.29204202615654 
1m 15 16 0.042 1195.1642388738967 144.29204202615654 
1m 15 32 0.007 200.61807498808392 144.29204202615654 
1m 15 64 0 0 144.29204202615654 
1m 15 96 0 0 144.29204202615654 
1m 15 128 0 0 144.29204202615654 
1m 15 256 0 0 144.29204202615654 
100 16 8 0.083 76850.63162908863 2825.013903539439 
100 16 16 0.046 53507.91341745877 2825.013903539439 
100 16 32 0.046 53507.91341745877 2825.013903539439 
100 16 64 0.051 52563.325160931876 2825.013903539439 
100 16 96 0.051 52563.325160931876 2825.013903539439 
100 16 128 0.051 52563.325160931876 2825.013903539439 
100 16 256 0.051 52563.325160931876 2825.013903539439 
1k 16 8 0.017 3508.58102845793 1655.0691712907728 
1k 16 16 0.017 3508.58102845793 1655.0691712907728 
1k 16 32 0.005 298.46404066338715 1655.0691712907728 
1k 16 64 0.001 139.0338818790951 1655.0691712907728 
1k 16 96 0.001 139.0338818790951 1655.0691712907728 
1k 16 128 0.001 139.0338818790951 1655.0691712907728 
1k 16 256 0 0 1655.0691712907728 
10k 16 8 0.008 1096.3042699979223 306.7719059167016 
10k 16 16 0.007 1077.6473969971455 306.7719059167016 
10k 16 32 0 0 306.7719059167016 
10k 16 64 0 0 306.7719059167016 
10k 16 96 0 0 306.7719059167016 
10k 16 128 0 0 306.7719059167016 
10k 16 256 0 0 306.7719059167016 
100k 16 8 0.055 3757.445013335191 316.1430186554977 
100k 16 16 0.03 1899.7641230444572 316.1430186554977 
100k 16 32 0.003 44.61209832344147 316.1430186554977 
100k 16 64 0.003 44.61209832344147 316.1430186554977 
100k 16 96 0.002 21.272729408243496 316.1430186554977 
100k 16 128 0.002 21.272729408243496 316.1430186554977 
100k 16 256 0.002 21.272729408243496 316.1430186554977 
1m 16 8 0.047 1492.7147953540943 153.88948419918134 
1m 16 16 0.04 1265.4670164884194 153.88948419918134 
1m 16 32 0.009 177.0729114597448 153.88948419918134 
1m 16 64 0.002 13.387151935167989 153.88948419918134 
1m 16 96 0.002 13.387151935167989 153.88948419918134 
1m 16 128 0 0 153.88948419918134 
1m 16 256 0 0 153.88948419918134 
100 17 8 0.051 32436.837882020685 2657.942784920567 
100 17 16 0.04 26101.724879703772 2657.942784920567 
100 17 32 0 0 2657.942784920567 
100 17 64 0 0 2657.942784920567 
100 17 96 0 0 2657.942784920567 
100 17 128 0 0 2657.942784920567 
100 17 256 0 0 2657.942784920567 
1k 17 8 0.023 8226.392398961307 1262.2501387164275 
1k 17 16 0.023 8226.392398961307 1262.2501387164275 
1k 17 32 0.006 1345.8141332923576 1262.2501387164275 
1k 17 64 0 0 1262.2501387164275 
1k 17 96 0 0 1262.2501387164275 
1k 17 128 0 0 1262.2501387164275 
1k 17 256 0 0 1262.2501387164275 
10k 17 8 0.008 641.5550638491262 773.1148285728041 
10k 17 16 0.008 641.5550638491262 773.1148285728041 
10k 17 32 0.002 313.86711527055513 773.1148285728041 
10k 17 64 0.002 313.86711527055513 773.1148285728041 
10k 17 96 0 0 773.1148285728041 
10k 17 128 0 0 773.1148285728041 
10k 17 256 0 0 773.1148285728041 
100k 17 8 0.048 2789.6504440444764 266.9778105470204 
100k 17 16 0.032 1707.73407614433 266.9778105470204 
100k 17 32 0.001 19.862517152341315 266.9778105470204 
100k 17 64 0.001 19.862517152341315 266.9778105470204 
100k 17 96 0.001 19.862517152341315 266.9778105470204 
100k 17 128 0 0 266.9778105470204 
100k 17 256 0 0 266.9778105470204 
1m 17 8 0.054 1743.0621236417358 116.30328589847944 
1m 17 16 0.051 1684.803821301727 116.30328589847944 
1m 17 32 0.007 220.8845600264869 116.30328589847944 
1m 17 64 0.001 5.963238045261474 116.30328589847944 
1m 17 96 0.001 5.963238045261474 116.30328589847944 
1m 17 128 0 0 116.30328589847944 
1m 17 256 0 0 116.30328589847944 
100 18 8 0.202 201910.61333435136 3202.0438534890295 
100 18 16 0.176 174341.38669323464 3202.0438534890295 
100 18 32 0.181 172084.81586734086 3202.0438534890295 
100 18 64 0.181 172084.81586734086 3202.0438534890295 
100 18 96 0.181 172084.81586734086 3202.0438534890295 
100 18 128 0.181 172084.81586734086 3202.0438534890295 
100 18 256 0.181 172084.81586734086 3202.0438534890295 
1k 18 8 0.019 4995.214492557359 2029.0913316987796 
1k 18 16 0.019 4995.214492557359 2029.0913316987796 
1k 18 32 0.006 1063.3478414905962 2029.0913316987796 
1k 18 64 0 0 2029.0913316987796 
1k 18 96 0 0 2029.0913316987796 
1k 18 128 0 0 2029.0913316987796 
1k 18 256 0 0 2029.0913316987796 
10k 18 8 0.017 3049.7518295891805 416.65593744843613 
10k 18 16 0.017 3049.7518295891805 416.65593744843613 
10k 18 32 0.004 463.7340439125709 416.65593744843613 
10k 18 64 0.004 463.7340439125709 416.65593744843613 
10k 18 96 0.002 269.8701764317656 416.65593744843613 
10k 18 128 0.002 269.8701764317656 416.65593744843613 
10k 18 256 0.002 269.8701764317656 416.65593744843613 
100k 18 8 0.055 3341.2746450232626 317.4522531469546 
100k 18 16 0.037 2216.5566203243375 317.4522531469546 
100k 18 32 0.004 97.84805134796844 317.4522531469546 
100k 18 64 0.004 97.84805134796844 317.4522531469546 
100k 18 96 0.004 97.84805134796844 317.4522531469546 
100k 18 128 0.001 30.044857473799027 317.4522531469546 
100k 18 256 0.001 30.044857473799027 317.4522531469546 
1m 18 8 0.062 2552.6941155318877 75.08687943495548 
1m 18 16 0.051 2107.274351137093 75.08687943495548 
1m 18 32 0.023 1200.1147269386436 75.08687943495548 
1m 18 64 0.02 962.7838286258317 75.08687943495548 
1m 18 96 0.02 962.7838286258317 75.08687943495548 
1m 18 128 0.019 945.2211475771504 75.08687943495548 
1m 18 256 0.019 945.2211475771504 75.08687943495548 
100 19 8 0.035 23050.06434628445 2945.6944882635335 
100 19 16 0.002 801.7778126870676 2945.6944882635335 
100 19 32 0 0 2945.6944882635335 
100 19 64 0 0 2945.6944882635335 
100 19 96 0 0 2945.6944882635335 
100 19 128 0 0 2945.6944882635335 
100 19 256 0 0 2945.6944882635335 
1k 19 8 0.018 4290.87096702559 239.10009954412402 
1k 19 16 0.018 4290.87096702559 239.10009954412402 
1k 19 32 0.003 537.868477069011 239.10009954412402 
1k 19 64 0 0 239.10009954412402 
1k 19 96 0 0 239.10009954412402 
1k 19 128 0 0 239.10009954412402 
1k 19 256 0 0 239.10009954412402 
10k 19 8 0.037 4994.099347293738 962.2343433719121 
10k 19 16 0.015 1519.5358606380737 962.2343433719121 
10k 19 32 0.001 255.72076638475826 962.2343433719121 
10k 19 64 0.001 255.72076638475826 962.2343433719121 
10k 19 96 0 0 962.2343433719121 
10k 19 128 0 0 962.2343433719121 
10k 19 256 0 0 962.2343433719121 
100k 19 8 0.009 308.7948193324109 243.8344237958051 
100k 19 16 0.034 1757.3546161025106 243.8344237958051 
100k 19 32 0.003 22.952388036125544 243.8344237958051 
100k 19 64 0.003 22.952388036125544 243.8344237958051 
100k 19 96 0.003 22.952388036125544 243.8344237958051 
100k 19 128 0 0 243.8344237958051 
100k 19 256 0 0 243.8344237958051 
1m 19 8 0.044 1226.059625347713 81.80890457257986 
1m 19 16 0.041 1139.775545147284 81.80890457257986 
1m 19 32 0.005 70.89730559109375 81.80890457257986 
1m 19 64 0.002 18.145193623397763 81.80890457257986 
1m 19 96 0.002 18.145193623397763 81.80890457257986 
1m 19 128 0 0 81.80890457257986 
1m 19 256 0 0 81.80890457257986 
100 20 8 0.057 46129.574846617696 3266.2072433619587 
100 20 16 0.045 41325.80307028633 3266.2072433619587 
100 20 32 0 0 3266.2072433619587 
100 20 64 0 0 3266.2072433619587 
100 20 96 0 0 3266.2072433619587 
100 20 128 0 0 3266.2072433619587 
100 20 256 0 0 3266.2072433619587 
1k 20 8 0.025 5341.940424000477 558.1080198688937 
1k 20 16 0.015 5132.201874618535 558.1080198688937 
1k 20 32 0.002 67.4020490900043 558.1080198688937 
1k 20 64 0.001 22.32210630125669 558.1080198688937 
1k 20 96 0.001 22.32210630125669 558.1080198688937 
1k 20 128 0.001 22.32210630125669 558.1080198688937 
1k 20 256 0 0 558.1080198688937 
10k 20 8 0.011 1833.740821303553 412.96920259057003 
10k 20 16 0.011 1833.740821303553 412.96920259057003 
10k 20 32 0.004 485.886523757714 412.96920259057003 
10k 20 64 0.004 485.886523757714 412.96920259057003 
10k 20 96 0.001 196.03763927803485 412.96920259057003 
10k 20 128 0.001 196.03763927803485 412.96920259057003 
10k 20 256 0.001 196.03763927803485 412.96920259057003 
100k 20 8 0.051 3432.23590614862 281.2265930740687 
100k 20 16 0.026 1220.602257717537 281.2265930740687 
100k 20 32 0.005 201.04517220937555 281.2265930740687 
100k 20 64 0 0 281.2265930740687 
100k 20 96 0 0 281.2265930740687 
100k 20 128 0 0 281.2265930740687 
100k 20 256 0 0 281.2265930740687 
1m 20 8 0.077 2509.011819234363 126.27900471007209 
1m 20 16 0.072 2206.513798168744 126.27900471007209 
1m 20 32 0.036 1073.994358089803 126.27900471007209 
1m 20 64 0.03 957.7491415461492 126.27900471007209 
1m 20 96 0.03 957.7491415461492 126.27900471007209 
1m 20 128 0.028 930.7023257728686 126.27900471007209 
1m 20 256 0.028 930.7023257728686 126.27900471007209 
100 21 8 0.047 21188.925722721124 2652.5741836452944 
100 21 16 0.002 739.7491405120534 2652.5741836452944 
100 21 32 0.002 739.7491405120534 2652.5741836452944 
100 21 64 0 0 2652.5741836452944 
100 21 96 0 0 2652.5741836452944 
100 21 128 0 0 2652.5741836452944 
100 21 256 0 0 2652.5741836452944 
1k 21 8 0.029 7222.9036989046135 894.5907805023221 
1k 21 16 0.015 2965.5194612597747 894.5907805023221 
1k 21 32 0.002 457.2059813277982 894.5907805023221 
1k 21 64 0 0 894.5907805023221 
1k 21 96 0 0 894.5907805023221 
1k 21 128 0 0 894.5907805023221 
1k 21 256 0 0 894.5907805023221 
10k 21 8 0.01 1433.4906281211884 597.9983398030885 
10k 21 16 0.023 2796.4441780148595 597.9983398030885 
10k 21 32 0.004 519.4095160175342 597.9983398030885 
10k 21 64 0.004 519.4095160175342 597.9983398030885 
10k 21 96 0.001 194.96229531713365 597.9983398030885 
10k 21 128 0.001 194.96229531713365 597.9983398030885 
10k 21 256 0.001 194.96229531713365 597.9983398030885 
100k 21 8 0.057 3078.82491176811 384.5020877358646 
100k 21 16 0.041 2113.376807456627 384.5020877358646 
100k 21 32 0.013 448.40623635914096 384.5020877358646 
100k 21 64 0 0 384.5020877358646 
100k 21 96 0 0 384.5020877358646 
100k 21 128 0 0 384.5020877358646 
100k 21 256 0 0 384.5020877358646 
1m 21 8 0.042 1125.1119845570452 91.00236920026198 
1m 21 16 0.032 881.729612938296 91.00236920026198 
1m 21 32 0.005 66.27101613898009 91.00236920026198 
1m 21 64 0.001 9.060615405750156 91.00236920026198 
1m 21 96 0.001 9.060615405750156 91.00236920026198 
1m 21 128 0.001 9.060615405750156 91.00236920026198 
1m 21 256 0.001 9.060615405750156 91.00236920026198 
100 22 8 0.049 37729.07286193375 1977.024797314299 
100 22 16 0.003 1407.4025814610134 1977.024797314299 
100 22 32 0.017 10218.089851706221 1977.024797314299 
100 22 64 0.017 10218.089851706221 1977.024797314299 
100 22 96 0.017 10218.089851706221 1977.024797314299 
100 22 128 0.017 10218.089851706221 1977.024797314299 
100 22 256 0.017 10218.089851706221 1977.024797314299 
1k 22 8 0.034 9592.068615971239 953.26285357748 
1k 22 16 0.01 2725.29952437348 953.26285357748 
1k 22 32 0.001 21.958433545937645 953.26285357748 
1k 22 64 0 0 953.26285357748 
1k 22 96 0 0 953.26285357748 
1k 22 128 0 0 953.26285357748 
1k 22 256 0 0 953.26285357748 
10k 22 8 0.005 777.6707317211287 366.15843225306145 
10k 22 16 0.005 777.6707317211287 366.15843225306145 
10k 22 32 0.003 624.017693336786 366.15843225306145 
10k 22 64 0.003 624.017693336786 366.15843225306145 
10k 22 96 0.002 510.7292916286165 366.15843225306145 
10k 22 128 0.002 510.7292916286165 366.15843225306145 
10k 22 256 0.002 510.7292916286165 366.15843225306145 
100k 22 8 0.06 3456.298373685581 298.29847312896277 
100k 22 16 0.037 1834.5497828858986 298.29847312896277 
100k 22 32 0 0 298.29847312896277 
100k 22 64 0 0 298.29847312896277 
100k 22 96 0 0 298.29847312896277 
100k 22 128 0 0 298.29847312896277 
100k 22 256 0 0 298.29847312896277 
1m 22 8 0.085 2886.469402089252 129.8621208529355 
1m 22 16 0.08 2637.23904262427 129.8621208529355 
1m 22 32 0.053 1728.1718871021014 129.8621208529355 
1m 22 64 0.045 1523.3159101457286 129.8621208529355 
1m 22 96 0.045 1523.3159101457286 129.8621208529355 
1m 22 128 0.044 1506.37335914894 129.8621208529355 
1m 22 256 0.044 1506.37335914894 129.8621208529355 
100 23 8 0.044 21321.779288252706 2339.9059026478235 
100 23 16 0.006 2731.9255440407373 2339.9059026478235 
100 23 32 0 0 2339.9059026478235 
100 23 64 0 0 2339.9059026478235 
100 23 96 0 0 2339.9059026478235 
100 23 128 0 0 2339.9059026478235 
100 23 256 0 0 2339.9059026478235 
1k 23 8 0.044 12603.929755086621 987.1574111088331 
1k 23 16 0.023 7810.5654907071685 987.1574111088331 
1k 23 32 0.004 613.0316981336265 987.1574111088331 
1k 23 64 0.004 613.0316981336265 987.1574111088331 
1k 23 96 0 0 987.1574111088331 
1k 23 128 0 0 987.1574111088331 
1k 23 256 0 0 987.1574111088331 
10k 23 8 0.007 1102.5271445245742 853.30692645497 
10k 23 16 0.007 1102.5271445245742 853.30692645497 
10k 23 32 0.001 245.00086367865669 853.30692645497 
10k 23 64 0.001 245.00086367865669 853.30692645497 
10k 23 96 0 0 853.30692645497 
10k 23 128 0 0 853.30692645497 
10k 23 256 0 0 853.30692645497 
100k 23 8 0.056 3874.602593210179 229.59168357630168 
100k 23 16 0.037 2555.1373767818195 229.59168357630168 
100k 23 32 0.003 154.2417375757663 229.59168357630168 
100k 23 64 0.001 65.80816851760994 229.59168357630168 
100k 23 96 0 0 229.59168357630168 
100k 23 128 0 0 229.59168357630168 
100k 23 256 0 0 229.59168357630168 
1m 23 8 0.05 1705.264376823635 53.31730651504755 
1m 23 16 0.035 1228.1021889298672 53.31730651504755 
1m 23 32 0.007 207.66616570044894 53.31730651504755 
1m 23 64 0.002 26.650577108103082 53.31730651504755 
1m 23 96 0.002 26.650577108103082 53.31730651504755 
1m 23 128 0 0 53.31730651504755 
1m 23 256 0 0 53.31730651504755 
100 24 8 0.055 38541.8307848373 1920.097028432617 
100 24 16 0.011 7652.801117247126 1920.097028432617 
100 24 32 0 0 1920.097028432617 
100 24 64 0 0 1920.097028432617 
100 24 96 0 0 1920.097028432617 
100 24 128 0 0 1920.097028432617 
100 24 256 0 0 1920.097028432617 
1k 24 8 0.022 9488.760444483338 1120.5908237649116 
1k 24 16 0.022 9488.760444483338 1120.5908237649116 
1k 24 32 0.003 535.6105801873174 1120.5908237649116 
1k 24 64 0 0 1120.5908237649116 
1k 24 96 0 0 1120.5908237649116 
1k 24 128 0 0 1120.5908237649116 
1k 24 256 0 0 1120.5908237649116 
10k 24 8 0.012 982.6511888678576 332.0197466182626 
10k 24 16 0.012 982.6511888678576 332.0197466182626 
10k 24 32 0.003 21.53974928908667 332.0197466182626 
10k 24 64 0.003 21.53974928908667 332.0197466182626 
10k 24 96 0.002 13.483041111704079 332.0197466182626 
10k 24 128 0.002 13.483041111704079 332.0197466182626 
10k 24 256 0.002 13.483041111704079 332.0197466182626 
100k 24 8 0.047 2691.211782196608 346.14003720982555 
100k 24 16 0.036 1904.6792320691552 346.14003720982555 
100k 24 32 0.001 13.555272853548347 346.14003720982555 
100k 24 64 0.001 13.555272853548347 346.14003720982555 
100k 24 96 0.001 13.555272853548347 346.14003720982555 
100k 24 128 0.001 13.555272853548347 346.14003720982555 
100k 24 256 0.001 13.555272853548347 346.14003720982555 
1m 24 8 0.094 3790.4658706079636 127.63292140628579 
1m 24 16 0.087 3495.456337566946 127.63292140628579 
1m 24 32 0.054 2445.5652650437028 127.63292140628579 
1m 24 64 0.046 2078.257916959607 127.63292140628579 
1m 24 96 0.046 2078.257916959607 127.63292140628579 
1m 24 128 0.045 2077.5582245558016 127.63292140628579 
1m 24 256 0.045 2077.5582245558016 127.63292140628579 
100 25 8 0.073 57512.249843121135 3202.2558804007017 
100 25 16 0.005 2488.6378380990386 3202.2558804007017 
100 25 32 0 0 3202.2558804007017 
100 25 64 0 0 3202.2558804007017 
100 25 96 0 0 3202.2558804007017 
100 25 128 0 0 3202.2558804007017 
100 25 256 0 0 3202.2558804007017 
1k 25 8 0.048 12990.415527148098 1247.692456203126 
1k 25 16 0.015 4652.3542883082255 1247.692456203126 
1k 25 32 0.001 307.08779774216094 1247.692456203126 
1k 25 64 0 0 1247.692456203126 
1k 25 96 0 0 1247.692456203126 
1k 25 128 0 0 1247.692456203126 
1k 25 256 0 0 1247.692456203126 
10k 25 8 0.011 1261.2912929561323 408.889656814841 
10k 25 16 0.011 1261.2912929561323 408.889656814841 
10k 25 32 0.001 242.37158583078522 408.889656814841 
10k 25 64 0.001 242.37158583078522 408.889656814841 
10k 25 96 0 0 408.889656814841 
10k 25 128 0 0 408.889656814841 
10k 25 256 0 0 408.889656814841 
100k 25 8 0.047 2744.354768827654 232.64678752665574 
100k 25 16 0.038 2174.1649199939698 232.64678752665574 
100k 25 32 0.004 137.8869252191555 232.64678752665574 
100k 25 64 0.004 137.8869252191555 232.64678752665574 
100k 25 96 0.004 137.8869252191555 232.64678752665574 
100k 25 128 0.001 118.1135481317644 232.64678752665574 
100k 25 256 0.001 118.1135481317644 232.64678752665574 
1m 25 8 0.039 1043.6151161426544 101.21195103855696 
1m 25 16 0.035 911.6839495624278 101.21195103855696 
1m 25 32 0.008 174.49450208418907 101.21195103855696 
1m 25 64 0 0 101.21195103855696 
1m 25 96 0 0 101.21195103855696 
1m 25 128 0 0 101.21195103855696 
1m 25 256 0 0 101.21195103855696 
100 26 8 0.121 154751.88715853417 5083.868226319723 
100 26 16 0.085 80872.12296435352 5083.868226319723 
100 26 32 0.104 92133.28294002432 5083.868226319723 
100 26 64 0.104 92133.28294002432 5083.868226319723 
100 26 96 0.104 92133.28294002432 5083.868226319723 
100 26 128 0.104 92133.28294002432 5083.868226319723 
100 26 256 0.104 92133.28294002432 5083.868226319723 
1k 26 8 0.02 5030.042572382145 1200.734567844697 
1k 26 16 0.019 5029.957403048037 1200.734567844697 
1k 26 32 0.001 138.50925702257408 1200.734567844697 
1k 26 64 0 0 1200.734567844697 
1k 26 96 0 0 1200.734567844697 
1k 26 128 0 0 1200.734567844697 
1k 26 256 0 0 1200.734567844697 
10k 26 8 0.046 5690.673450501967 617.8242302156674 
10k 26 16 0.015 2744.6794817124614 617.8242302156674 
10k 26 32 0.001 139.44975031656364 617.8242302156674 
10k 26 64 0.001 139.44975031656364 617.8242302156674 
10k 26 96 0 0 617.8242302156674 
10k 26 128 0 0 617.8242302156674 
10k 26 256 0 0 617.8242302156674 
100k 26 8 0.045 2285.803625022891 171.74593768243884 
100k 26 16 0.028 1341.868811340033 171.74593768243884 
100k 26 32 0.001 25.70872991765849 171.74593768243884 
100k 26 64 0.001 25.70872991765849 171.74593768243884 
100k 26 96 0.001 25.70872991765849 171.74593768243884 
100k 26 128 0 0 171.74593768243884 
100k 26 256 0 0 171.74593768243884 
1m 26 8 0.054 1840.0120355368215 68.525085226833 
1m 26 16 0.048 1638.4617535144655 68.525085226833 
1m 26 32 0.015 555.8758330102257 68.525085226833 
1m 26 64 0.012 479.80654300563776 68.525085226833 
1m 26 96 0.012 479.80654300563776 68.525085226833 
1m 26 128 0.012 466.4520615209148 68.525085226833 
1m 26 256 0.012 466.4520615209148 68.525085226833 
100 27 8 0.062 40240.24213342004 1342.9629264279095 
100 27 16 0.002 710.9411463276479 1342.9629264279095 
100 27 32 0 0 1342.9629264279095 
100 27 64 0 0 1342.9629264279095 
100 27 96 0 0 1342.9629264279095 
100 27 128 0 0 1342.9629264279095 
100 27 256 0 0 1342.9629264279095 
1k 27 8 0.011 2028.5959104796354 1040.188476363839 
1k 27 16 0.01 1848.3778906316295 1040.188476363839 
1k 27 32 0.002 316.78098656486463 1040.188476363839 
1k 27 64 0 0 1040.188476363839 
1k 27 96 0 0 1040.188476363839 
1k 27 128 0 0 1040.188476363839 
1k 27 256 0 0 1040.188476363839 
10k 27 8 0.033 4438.958015729666 157.61285931442833 
10k 27 16 0.009 1208.3630080091618 157.61285931442833 
10k 27 32 0 0 157.61285931442833 
10k 27 64 0 0 157.61285931442833 
10k 27 96 0 0 157.61285931442833 
10k 27 128 0 0 157.61285931442833 
10k 27 256 0 0 157.61285931442833 
100k 27 8 0.049 2553.834955635525 83.4258253573536 
100k 27 16 0.033 1617.500415814554 83.4258253573536 
100k 27 32 0.001 67.36213273504994 83.4258253573536 
100k 27 64 0.001 67.36213273504994 83.4258253573536 
100k 27 96 0 0 83.4258253573536 
100k 27 128 0 0 83.4258253573536 
100k 27 256 0 0 83.4258253573536 
1m 27 8 0.178 9623.837979222424 106.63521497839389 
1m 27 16 0.16 8194.169821247278 106.63521497839389 
1m 27 32 0.146 6909.428540140986 106.63521497839389 
1m 27 64 0.146 6909.428540140986 106.63521497839389 
1m 27 96 0.145 6700.653198112676 106.63521497839389 
1m 27 128 0.145 6700.653198112676 106.63521497839389 
1m 27 256 0.145 6700.653198112676 106.63521497839389 
100 28 8 0.05 30267.580967532358 2313.310902187417 
100 28 16 0.007 2724.7677767709974 2313.310902187417 
100 28 32 0.007 2724.7677767709974 2313.310902187417 
100 28 64 0 0 2313.310902187417 
100 28 96 0 0 2313.310902187417 
100 28 128 0 0 2313.310902187417 
100 28 256 0 0 2313.310902187417 
1k 28 8 0.028 8686.494740495196 278.3883336260065 
1k 28 16 0.028 8686.494740495196 278.3883336260065 
1k 28 32 0.004 1454.2336382094884 278.3883336260065 
1k 28 64 0 0 278.3883336260065 
1k 28 96 0 0 278.3883336260065 
1k 28 128 0 0 278.3883336260065 
1k 28 256 0 0 278.3883336260065 
10k 28 8 0.01 946.7536136847563 392.6030030316885 
10k 28 16 0.01 946.7536136847563 392.6030030316885 
10k 28 32 0.001 189.1359341567983 392.6030030316885 
10k 28 64 0.001 189.1359341567983 392.6030030316885 
10k 28 96 0 0 392.6030030316885 
10k 28 128 0 0 392.6030030316885 
10k 28 256 0 0 392.6030030316885 
100k 28 8 0.051 3257.4044589551163 91.08462840325814 
100k 28 16 0.033 2259.4902111119222 91.08462840325814 
100k 28 32 0.003 169.23584125044746 91.08462840325814 
100k 28 64 0.003 169.23584125044746 91.08462840325814 
100k 28 96 0.003 169.23584125044746 91.08462840325814 
100k 28 128 0.001 27.87987848000502 91.08462840325814 
100k 28 256 0.001 27.87987848000502 91.08462840325814 
1m 28 8 0.088 2690.350326896104 126.27900471007209 
1m 28 16 0.075 2395.8615821147064 126.27900471007209 
1m 28 32 0.041 1458.6540576219968 126.27900471007209 
1m 28 64 0.036 1430.628685983154 126.27900471007209 
1m 28 96 0.036 1430.628685983154 126.27900471007209 
1m 28 128 0.035 1355.1823470052295 126.27900471007209 
1m 28 256 0.035 1355.1823470052295 126.27900471007209 
100 29 8 0.049 27458.783294688652 2492.976140176962 
100 29 16 0.001 735.0841807336109 2492.976140176962 
100 29 32 0 0 2492.976140176962 
100 29 64 0 0 2492.976140176962 
100 29 96 0 0 2492.976140176962 
100 29 128 0 0 2492.976140176962 
100 29 256 0 0 2492.976140176962 
1k 29 8 0.04 11576.934760687325 595.3643525624569 
1k 29 16 0.017 4292.7683911937265 595.3643525624569 
1k 29 32 0.004 1846.2288932919507 595.3643525624569 
1k 29 64 0.004 1846.2288932919507 595.3643525624569 
1k 29 96 0 0 595.3643525624569 
1k 29 128 0 0 595.3643525624569 
1k 29 256 0 0 595.3643525624569 
10k 29 8 0.011 2039.2642142500258 568.8276307711853 
10k 29 16 0.01 2001.707070590882 568.8276307711853 
10k 29 32 0.004 685.8348890294494 568.8276307711853 
10k 29 64 0.004 685.8348890294494 568.8276307711853 
10k 29 96 0.001 257.49846776143727 568.8276307711853 
10k 29 128 0.001 257.49846776143727 568.8276307711853 
10k 29 256 0.001 257.49846776143727 568.8276307711853 
100k 29 8 0.05 2586.9391295659098 317.18370090476674 
100k 29 16 0.039 2056.832012838235 317.18370090476674 
100k 29 32 0.001 13.48905393450748 317.18370090476674 
100k 29 64 0.001 13.48905393450748 317.18370090476674 
100k 29 96 0 0 317.18370090476674 
100k 29 128 0 0 317.18370090476674 
100k 29 256 0 0 317.18370090476674 
1m 29 8 0.048 1075.5546965613744 105.06407155786725 
1m 29 16 0.041 940.9629346002243 105.06407155786725 
1m 29 32 0.003 55.46697135210286 105.06407155786725 
1m 29 64 0 0 105.06407155786725 
1m 29 96 0 0 105.06407155786725 
1m 29 128 0 0 105.06407155786725 
1m 29 256 0 0 105.06407155786725 
100 30 8 0.065 47722.52021801197 1116.4587590852045 
100 30 16 0.007 5909.340826302426 1116.4587590852045 
100 30 32 0.007 5909.340826302426 1116.4587590852045 
100 30 64 0 0 1116.4587590852045 
100 30 96 0 0 1116.4587590852045 
100 30 128 0 0 1116.4587590852045 
100 30 256 0 0 1116.4587590852045 
1k 30 8 0.044 11029.105657792661 1059.1116623068351 
1k 30 16 0.017 6977.8359403050545 1059.1116623068351 
1k 30 32 0.001 50.60835081696138 1059.1116623068351 
1k 30 64 0 0 1059.1116623068351 
1k 30 96 0 0 1059.1116623068351 
1k 30 128 0 0 1059.1116623068351 
1k 30 256 0 0 1059.1116623068351 
10k 30 8 0.014 1033.4291956090167 366.68758621105684 
10k 30 16 0.021 1988.7058608873042 366.68758621105684 
10k 30 32 0.003 348.5858795260304 366.68758621105684 
10k 30 64 0.003 348.5858795260304 366.68758621105684 
10k 30 96 0.001 61.94428282694862 366.68758621105684 
10k 30 128 0.001 61.94428282694862 366.68758621105684 
10k 30 256 0.001 61.94428282694862 366.68758621105684 
100k 30 8 0.044 2479.22891368319 268.2951408303985 
100k 30 16 0.025 1575.970530580251 268.2951408303985 
100k 30 32 0.001 7.11699249635113 268.2951408303985 
100k 30 64 0.001 7.11699249635113 268.2951408303985 
100k 30 96 0.001 7.11699249635113 268.2951408303985 
100k 30 128 0.001 7.11699249635113 268.2951408303985 
100k 30 256 0.001 7.11699249635113 268.2951408303985 
1m 30 8 0.088 3748.575317724758 116.06416717031034 
1m 30 16 0.08 3407.7185632436212 116.06416717031034 
1m 30 32 0.044 1988.0307553387715 116.06416717031034 
1m 30 64 0.038 1819.1196439315688 116.06416717031034 
1m 30 96 0.038 1819.1196439315688 116.06416717031034 
1m 30 128 0.038 1793.4476653878962 116.06416717031034 
1m 30 256 0.038 1793.4476653878962 116.06416717031034 
100 31 8 0.051 33240.24459170122 1153.3563696739684 
100 31 16 0.007 2590.1224176848755 1153.3563696739684 
100 31 32 0.007 2590.1224176848755 1153.3563696739684 
100 31 64 0 0 1153.3563696739684 
100 31 96 0 0 1153.3563696739684 
100 31 128 0 0 1153.3563696739684 
100 31 256 0 0 1153.3563696739684 
1k 31 8 0.052 15391.777176784919 845.9979540636097 
1k 31 16 0.025 8698.748630691909 845.9979540636097 
1k 31 32 0.004 891.0236179443589 845.9979540636097 
1k 31 64 0 0 845.9979540636097 
1k 31 96 0 0 845.9979540636097 
1k 31 128 0 0 845.9979540636097 
1k 31 256 0 0 845.9979540636097 
10k 31 8 0.052 7186.061862387188 383.6665472838605 
10k 31 16 0.014 1380.1393676540545 383.6665472838605 
10k 31 32 0.002 244.71328073911434 383.6665472838605 
10k 31 64 0.002 244.71328073911434 383.6665472838605 
10k 31 96 0.001 8.017109089873324 383.6665472838605 
10k 31 128 0.001 8.017109089873324 383.6665472838605 
10k 31 256 0.001 8.017109089873324 383.6665472838605 
100k 31 8 0.055 3308.931159097806 127.48235163740313 
100k 31 16 0.038 2196.7361242364136 127.48235163740313 
100k 31 32 0.001 26.34667319482766 127.48235163740313 
100k 31 64 0.001 26.34667319482766 127.48235163740313 
100k 31 96 0 0 127.48235163740313 
100k 31 128 0 0 127.48235163740313 
100k 31 256 0 0 127.48235163740313 
1m 31 8 0.04 1245.725024883694 148.91254156598384 
1m 31 16 0.031 1045.7180128994983 148.91254156598384 
1m 31 32 0.003 99.4944160132908 148.91254156598384 
1m 31 64 0 0 148.91254156598384 
1m 31 96 0 0 148.91254156598384 
1m 31 128 0 0 148.91254156598384 
1m 31 256 0 0 148.91254156598384 
100 32 8 0.052 37477.476639734065 2968.4294578972017 
100 32 16 0.005 4285.6233924969065 2968.4294578972017 
100 32 32 0 0 2968.4294578972017 
100 32 64 0 0 2968.4294578972017 
100 32 96 0 0 2968.4294578972017 
100 32 128 0 0 2968.4294578972017 
100 32 256 0 0 2968.4294578972017 
1k 32 8 0.06 15290.220272015284 1372.6151963002062 
1k 32 16 0.026 6940.601304285771 1372.6151963002062 
1k 32 32 0.004 1837.6692015301346 1372.6151963002062 
1k 32 64 0 0 1372.6151963002062 
1k 32 96 0 0 1372.6151963002062 
1k 32 128 0 0 1372.6151963002062 
1k 32 256 0 0 1372.6151963002062 
10k 32 8 0.012 1320.4661243598493 669.2743895923575 
10k 32 16 0.012 1320.4661243598493 669.2743895923575 
10k 32 32 0.001 54.971536927986655 669.2743895923575 
10k 32 64 0.001 54.971536927986655 669.2743895923575 
10k 32 96 0 0 669.2743895923575 
10k 32 128 0 0 669.2743895923575 
10k 32 256 0 0 669.2743895923575 
100k 32 8 0.048 3192.2559286230066 168.1171997895954 
100k 32 16 0.023 1191.3272876073042 168.1171997895954 
100k 32 32 0.002 66.42028957277036 168.1171997895954 
100k 32 64 0.002 66.42028957277036 168.1171997895954 
100k 32 96 0 0 168.1171997895954 
100k 32 128 0 0 168.1171997895954 
100k 32 256 0 0 168.1171997895954 
1m 32 8 0.071 2186.3649453034373 126.27900471007209 
1m 32 16 0.061 1842.1219937860953 126.27900471007209 
1m 32 32 0.026 955.0291780296658 126.27900471007209 
1m 32 64 0.021 753.5527592085504 126.27900471007209 
1m 32 96 0.021 753.5527592085504 126.27900471007209 
1m 32 128 0.019 657.6688515209099 126.27900471007209 
1m 32 256 0.019 657.6688515209099 126.27900471007209 
100 33 8 0.028 25382.04674834743 2788.387297102866 
100 33 16 0.003 2187.5375650558676 2788.387297102866 
100 33 32 0.003 2187.5375650558676 2788.387297102866 
100 33 64 0 0 2788.387297102866 
100 33 96 0 0 2788.387297102866 
100 33 128 0 0 2788.387297102866 
100 33 256 0 0 2788.387297102866 
1k 33 8 0.014 2525.455992958062 597.1693493096234 
1k 33 16 0.014 2525.455992958062 597.1693493096234 
1k 33 32 0.001 21.448955085704103 597.1693493096234 
1k 33 64 0 0 597.1693493096234 
1k 33 96 0 0 597.1693493096234 
1k 33 128 0 0 597.1693493096234 
1k 33 256 0 0 597.1693493096234 
10k 33 8 0.017 3120.9622607511888 255.43038661894738 
10k 33 16 0.033 5062.906061348392 255.43038661894738 
10k 33 32 0.004 470.27494782768343 255.43038661894738 
10k 33 64 0.004 470.27494782768343 255.43038661894738 
10k 33 96 0.001 26.337593797649255 255.43038661894738 
10k 33 128 0.001 26.337593797649255 255.43038661894738 
10k 33 256 0.001 26.337593797649255 255.43038661894738 
100k 33 8 0.064 3896.8259883236415 300.8932090517384 
100k 33 16 0.04 2479.0343367557275 300.8932090517384 
100k 33 32 0.002 33.75382760573609 300.8932090517384 
100k 33 64 0.002 33.75382760573609 300.8932090517384 
100k 33 96 0.002 33.75382760573609 300.8932090517384 
100k 33 128 0.001 8.67111011665588 300.8932090517384 
100k 33 256 0.001 8.67111011665588 300.8932090517384 
1m 33 8 0.049 1533.686082900243 156.99849494001506 
1m 33 16 0.042 1298.7333020815702 156.99849494001506 
1m 33 32 0.004 116.02980766524735 156.99849494001506 
1m 33 64 0 0 156.99849494001506 
1m 33 96 0 0 156.99849494001506 
1m 33 128 0 0 156.99849494001506 
1m 33 256 0 0 156.99849494001506 
100 34 8 0.046 26487.499346884553 2376.069120991341 
100 34 16 0.002 1387.4412679915135 2376.069120991341 
100 34 32 0 0 2376.069120991341 
100 34 64 0 0 2376.069120991341 
100 34 96 0 0 2376.069120991341 
100 34 128 0 0 2376.069120991341 
100 34 256 0 0 2376.069120991341 
1k 34 8 0.041 10743.45928604906 1438.5944012277248 
1k 34 16 0.028 7634.691697672067 1438.5944012277248 
1k 34 32 0.003 1173.932532041108 1438.5944012277248 
1k 34 64 0 0 1438.5944012277248 
1k 34 96 0 0 1438.5944012277248 
1k 34 128 0 0 1438.5944012277248 
1k 34 256 0 0 1438.5944012277248 
10k 34 8 0.011 698.361932519147 299.706131777753 
10k 34 16 0.025 2580.8526949556212 299.706131777753 
10k 34 32 0.002 114.76561325599614 299.706131777753 
10k 34 64 0.002 114.76561325599614 299.706131777753 
10k 34 96 0.001 34.4091678282193 299.706131777753 
10k 34 128 0.001 34.4091678282193 299.706131777753 
10k 34 256 0.001 34.4091678282193 299.706131777753 
100k 34 8 0.041 2101.7297240597436 193.41395584955418 
100k 34 16 0.031 1609.7767808782492 193.41395584955418 
100k 34 32 0.002 45.104409667240745 193.41395584955418 
100k 34 64 0.002 45.104409667240745 193.41395584955418 
100k 34 96 0 0 193.41395584955418 
100k 34 128 0 0 193.41395584955418 
100k 34 256 0 0 193.41395584955418 
1m 34 8 0.039 1526.6646250915474 118.6343974122809 
1m 34 16 0.034 1390.0601281189633 118.6343974122809 
1m 34 32 0.006 77.31231555923743 118.6343974122809 
1m 34 64 0 0 118.6343974122809 
1m 34 96 0 0 118.6343974122809 
1m 34 128 0 0 118.6343974122809 
1m 34 256 0 0 118.6343974122809 
100 35 8 0.044 30881.59104552473 1666.426626008675 
100 35 16 0.029 21521.00767511649 1666.426626008675 
100 35 32 0.004 2585.386207416341 1666.426626008675 
100 35 64 0 0 1666.426626008675 
100 35 96 0 0 1666.426626008675 
100 35 128 0 0 1666.426626008675 
100 35 256 0 0 1666.426626008675 
1k 35 8 0.035 8213.896708417707 869.7085797194153 
1k 35 16 0.014 2896.9390761406225 869.7085797194153 
1k 35 32 0.003 296.34252179427773 869.7085797194153 
1k 35 64 0.001 8.855414105048869 869.7085797194153 
1k 35 96 0.001 8.855414105048869 869.7085797194153 
1k 35 128 0.001 8.855414105048869 869.7085797194153 
1k 35 256 0 0 869.7085797194153 
10k 35 8 0.012 1732.601691063331 595.3124901710714 
10k 35 16 0.012 1732.601691063331 595.3124901710714 
10k 35 32 0.003 527.0874682050295 595.3124901710714 
10k 35 64 0.003 527.0874682050295 595.3124901710714 
10k 35 96 0.001 169.29873417735564 595.3124901710714 
10k 35 128 0.001 169.29873417735564 595.3124901710714 
10k 35 256 0.001 169.29873417735564 595.3124901710714 
100k 35 8 0.054 3622.646640845541 215.774255160482 
100k 35 16 0.03 2106.160170244407 215.774255160482 
100k 35 32 0.006 323.15034224679476 215.774255160482 
100k 35 64 0 0 215.774255160482 
100k 35 96 0 0 215.774255160482 
100k 35 128 0 0 215.774255160482 
100k 35 256 0 0 215.774255160482 
1m 35 8 0.042 1303.9693574552032 30.571651922040974 
1m 35 16 0.031 985.300114556056 30.571651922040974 
1m 35 32 0.004 63.45721384964364 30.571651922040974 
1m 35 64 0.002 5.370284958599339 30.571651922040974 
1m 35 96 0.002 5.370284958599339 30.571651922040974 
1m 35 128 0 0 30.571651922040974 
1m 35 256 0 0 30.571651922040974 
100 36 8 0.071 55509.01913621513 2076.1304456080256 
100 36 16 0.06 50155.217965742624 2076.1304456080256 
100 36 32 0 0 2076.1304456080256 
100 36 64 0 0 2076.1304456080256 
100 36 96 0 0 2076.1304456080256 
100 36 128 0 0 2076.1304456080256 
100 36 256 0 0 2076.1304456080256 
1k 36 8 0.012 2379.4452897211104 1015.0006959267396 
1k 36 16 0.012 2379.4452897211104 1015.0006959267396 
1k 36 32 0.002 36.6856372372706 1015.0006959267396 
1k 36 64 0.001 23.426545866313855 1015.0006959267396 
1k 36 96 0.001 23.426545866313855 1015.0006959267396 
1k 36 128 0.001 23.426545866313855 1015.0006959267396 
1k 36 256 0 0 1015.0006959267396 
10k 36 8 0.008 881.8486662726172 621.5528276472791 
10k 36 16 0.017 1552.3337685067281 621.5528276472791 
10k 36 32 0.002 98.63407977522083 621.5528276472791 
10k 36 64 0.002 98.63407977522083 621.5528276472791 
10k 36 96 0.002 98.63407977522083 621.5528276472791 
10k 36 128 0.002 98.63407977522083 621.5528276472791 
10k 36 256 0.002 98.63407977522083 621.5528276472791 
100k 36 8 0.05 2701.2337633195093 254.7622377158218 
100k 36 16 0.03 1625.2550128966798 254.7622377158218 
100k 36 32 0.003 49.91241991349877 254.7622377158218 
100k 36 64 0.003 49.91241991349877 254.7622377158218 
100k 36 96 0.003 49.91241991349877 254.7622377158218 
100k 36 128 0 0 254.7622377158218 
100k 36 256 0 0 254.7622377158218 
1m 36 8 0.046 1287.6171347692982 75.83918448874707 
1m 36 16 0.041 1021.6848441561252 75.83918448874707 
1m 36 32 0.011 181.17483011654767 75.83918448874707 
1m 36 64 0.002 10.201035239767515 75.83918448874707 
1m 36 96 0.002 10.201035239767515 75.83918448874707 
1m 36 128 0 0 75.83918448874707 
1m 36 256 0 0 75.83918448874707 
100 37 8 0.074 60145.54567717039 3025.037567170512 
100 37 16 0.062 55076.4941987494 3025.037567170512 
100 37 32 0.036 19338.035684876762 3025.037567170512 
100 37 64 0.036 19338.035684876762 3025.037567170512 
100 37 96 0.036 19338.035684876762 3025.037567170512 
100 37 128 0.036 19338.035684876762 3025.037567170512 
100 37 256 0.036 19338.035684876762 3025.037567170512 
1k 37 8 0.019 5059.68480928942 1505.8670997820957 
1k 37 16 0.019 5059.68480928942 1505.8670997820957 
1k 37 32 0.003 864.7601691654776 1505.8670997820957 
1k 37 64 0.001 438.4306385246366 1505.8670997820957 
1k 37 96 0.001 438.4306385246366 1505.8670997820957 
1k 37 128 0.001 438.4306385246366 1505.8670997820957 
1k 37 256 0 0 1505.8670997820957 
10k 37 8 0.039 4104.50257058981 484.6375420726854 
10k 37 16 0.011 785.0751163003843 484.6375420726854 
10k 37 32 0.004 581.9569898791752 484.6375420726854 
10k 37 64 0.004 581.9569898791752 484.6375420726854 
10k 37 96 0.001 166.4202034271638 484.6375420726854 
10k 37 128 0.001 166.4202034271638 484.6375420726854 
10k 37 256 0.001 166.4202034271638 484.6375420726854 
100k 37 8 0.055 3028.5682552665894 144.46441000991877 
100k 37 16 0.038 1986.070335630269 144.46441000991877 
100k 37 32 0.005 332.0151906829911 144.46441000991877 
100k 37 64 0.001 87.20880834223513 144.46441000991877 
100k 37 96 0.001 87.20880834223513 144.46441000991877 
100k 37 128 0.001 87.20880834223513 144.46441000991877 
100k 37 256 0.001 87.20880834223513 144.46441000991877 
1m 37 8 0.089 2812.9708714423073 147.2794757348381 
1m 37 16 0.081 2577.571680616906 147.2794757348381 
1m 37 32 0.042 1550.167865417605 147.2794757348381 
1m 37 64 0.038 1403.9501632444749 147.2794757348381 
1m 37 96 0.038 1403.9501632444749 147.2794757348381 
1m 37 128 0.038 1403.9501632444749 147.2794757348381 
1m 37 256 0.038 1403.9501632444749 147.2794757348381 
100 38 8 0.074 78658.61412144243 1914.211376719957 
100 38 16 0.099 95615.10344197835 1914.211376719957 
100 38 32 0.065 63745.833208974866 1914.211376719957 
100 38 64 0.065 63745.833208974866 1914.211376719957 
100 38 96 0.065 63745.833208974866 1914.211376719957 
100 38 128 0.065 63745.833208974866 1914.211376719957 
100 38 256 0.065 63745.833208974866 1914.211376719957 
1k 38 8 0.016 4217.252525825338 946.3684979368915 
1k 38 16 0.015 4211.548619296773 946.3684979368915 
1k 38 32 0.003 1953.1607093094603 946.3684979368915 
1k 38 64 0.001 340.6586358070462 946.3684979368915 
1k 38 96 0.001 340.6586358070462 946.3684979368915 
1k 38 128 0.001 340.6586358070462 946.3684979368915 
1k 38 256 0 0 946.3684979368915 
10k 38 8 0.013 1249.1968043111856 514.7572535500732 
10k 38 16 0.012 1123.7017961049735 514.7572535500732 
10k 38 32 0.002 80.74953967787215 514.7572535500732 
10k 38 64 0.002 80.74953967787215 514.7572535500732 
10k 38 96 0.001 42.09010566643486 514.7572535500732 
10k 38 128 0.001 42.09010566643486 514.7572535500732 
10k 38 256 0.001 42.09010566643486 514.7572535500732 
100k 38 8 0.007 426.8771329395783 83.32692735435889 
100k 38 16 0.037 2639.91049282433 83.32692735435889 
100k 38 32 0.001 13.264443494770326 83.32692735435889 
100k 38 64 0.001 13.264443494770326 83.32692735435889 
100k 38 96 0 0 83.32692735435889 
100k 38 128 0 0 83.32692735435889 
100k 38 256 0 0 83.32692735435889 
1m 38 8 0.056 1951.002111211862 82.31928434275365 
1m 38 16 0.046 1619.3208419251255 82.31928434275365 
1m 38 32 0.009 220.54611521904135 82.31928434275365 
1m 38 64 0.005 195.9834004187847 82.31928434275365 
1m 38 96 0.005 195.9834004187847 82.31928434275365 
1m 38 128 0.004 193.9340261693649 82.31928434275365 
1m 38 256 0.004 193.9340261693649 82.31928434275365 
100 39 8 0.045 23580.693941666148 1834.1750944882767 
100 39 16 0.007 3933.115670107056 1834.1750944882767 
100 39 32 0 0 1834.1750944882767 
100 39 64 0 0 1834.1750944882767 
100 39 96 0 0 1834.1750944882767 
100 39 128 0 0 1834.1750944882767 
100 39 256 0 0 1834.1750944882767 
1k 39 8 0.024 14514.45387742346 1564.968065455142 
1k 39 16 0.024 14514.45387742346 1564.968065455142 
1k 39 32 0.006 641.895708897647 1564.968065455142 
1k 39 64 0.006 641.895708897647 1564.968065455142 
1k 39 96 0 0 1564.968065455142 
1k 39 128 0 0 1564.968065455142 
1k 39 256 0 0 1564.968065455142 
10k 39 8 0.012 1445.7019806271367 667.1878798151408 
10k 39 16 0.012 1445.7019806271367 667.1878798151408 
10k 39 32 0.004 461.95150085532725 667.1878798151408 
10k 39 64 0.004 461.95150085532725 667.1878798151408 
10k 39 96 0 0 667.1878798151408 
10k 39 128 0 0 667.1878798151408 
10k 39 256 0 0 667.1878798151408 
100k 39 8 0.054 3550.9110654398933 232.58382059561197 
100k 39 16 0.035 1923.118948457288 232.58382059561197 
100k 39 32 0.002 130.92021364129184 232.58382059561197 
100k 39 64 0.002 130.92021364129184 232.58382059561197 
100k 39 96 0 0 232.58382059561197 
100k 39 128 0 0 232.58382059561197 
100k 39 256 0 0 232.58382059561197 
1m 39 8 0.081 3058.168987418818 75.08687943495548 
1m 39 16 0.074 2868.326967444551 75.08687943495548 
1m 39 32 0.037 1413.1770113433624 75.08687943495548 
1m 39 64 0.029 1246.5236522710306 75.08687943495548 
1m 39 96 0.029 1246.5236522710306 75.08687943495548 
1m 39 128 0.029 1246.5236522710306 75.08687943495548 
1m 39 256 0.029 1246.5236522710306 75.08687943495548 
100 40 8 0.07 65697.49969070038 3347.653367845583 
100 40 16 0.038 39155.77748323292 3347.653367845583 
100 40 32 0.047 42151.058519763166 3347.653367845583 
100 40 64 0.047 42151.058519763166 3347.653367845583 
100 40 96 0.047 42151.058519763166 3347.653367845583 
100 40 128 0.047 42151.058519763166 3347.653367845583 
100 40 256 0.047 42151.058519763166 3347.653367845583 
1k 40 8 0.017 9012.764854689993 1775.0399398315353 
1k 40 16 0.017 9012.764854689993 1775.0399398315353 
1k 40 32 0.002 814.8548379766127 1775.0399398315353 
1k 40 64 0.002 814.8548379766127 1775.0399398315353 
1k 40 96 0 0 1775.0399398315353 
1k 40 128 0 0 1775.0399398315353 
1k 40 256 0 0 1775.0399398315353 
10k 40 8 0.033 5452.139639192006 682.2404285594347 
10k 40 16 0.007 719.5007542582506 682.2404285594347 
10k 40 32 0 0 682.2404285594347 
10k 40 64 0 0 682.2404285594347 
10k 40 96 0 0 682.2404285594347 
10k 40 128 0 0 682.2404285594347 
10k 40 256 0 0 682.2404285594347 
100k 40 8 0.055 2932.7461160636312 297.2102652028645 
100k 40 16 0.034 2079.5335063312114 297.2102652028645 
100k 40 32 0.009 291.4099340545264 297.2102652028645 
100k 40 64 0.001 70.76655922967306 297.2102652028645 
100k 40 96 0.001 70.76655922967306 297.2102652028645 
100k 40 128 0 0 297.2102652028645 
100k 40 256 0 0 297.2102652028645 
1m 40 8 0.07 2274.1001930402153 129.67283267547072 
1m 40 16 0.06 2008.0439395993362 129.67283267547072 
1m 40 32 0.034 1254.288200877734 129.67283267547072 
1m 40 64 0.029 1126.8850533465525 129.67283267547072 
1m 40 96 0.029 1126.8850533465525 129.67283267547072 
1m 40 128 0.028 1062.337679656085 129.67283267547072 
1m 40 256 0.028 1062.337679656085 129.67283267547072 
100 41 8 0.127 137152.0080445565 1984.0122835239313 
100 41 16 0.107 114025.64630794794 1984.0122835239313 
100 41 32 0.126 135359.99275337922 1984.0122835239313 
100 41 64 0.126 135359.99275337922 1984.0122835239313 
100 41 96 0.126 135359.99275337922 1984.0122835239313 
100 41 128 0.126 135359.99275337922 1984.0122835239313 
100 41 256 0.126 135359.99275337922 1984.0122835239313 
1k 41 8 0.019 6776.563402678318 1071.3575358884798 
1k 41 16 0.019 6776.563402678318 1071.3575358884798 
1k 41 32 0.005 1675.534527887396 1071.3575358884798 
1k 41 64 0.002 691.1284604047727 1071.3575358884798 
1k 41 96 0.002 691.1284604047727 1071.3575358884798 
1k 41 128 0.002 691.1284604047727 1071.3575358884798 
1k 41 256 0 0 1071.3575358884798 
10k 41 8 0.008 1039.422799804819 466.6302960951485 
10k 41 16 0.018 2122.3891613767464 466.6302960951485 
10k 41 32 0.001 275.55693745741644 466.6302960951485 
10k 41 64 0.001 275.55693745741644 466.6302960951485 
10k 41 96 0 0 466.6302960951485 
10k 41 128 0 0 466.6302960951485 
10k 41 256 0 0 466.6302960951485 
100k 41 8 0.01 498.25223083328757 339.1167396857803 
100k 41 16 0.041 2062.5110596248996 339.1167396857803 
100k 41 32 0.002 49.026907326732236 339.1167396857803 
100k 41 64 0.002 49.026907326732236 339.1167396857803 
100k 41 96 0.002 49.026907326732236 339.1167396857803 
100k 41 128 0 0 339.1167396857803 
100k 41 256 0 0 339.1167396857803 
1m 41 8 0.057 1707.036104616756 96.63477469008032 
1m 41 16 0.053 1583.5662412994018 96.63477469008032 
1m 41 32 0.015 364.6432808863879 96.63477469008032 
1m 41 64 0.006 156.46025826062612 96.63477469008032 
1m 41 96 0.006 156.46025826062612 96.63477469008032 
1m 41 128 0.004 124.73063374211691 96.63477469008032 
1m 41 256 0.004 124.73063374211691 96.63477469008032 
100 42 8 0.087 75978.36575184 2253.018848851029 
100 42 16 0.037 31995.165103624353 2253.018848851029 
100 42 32 0.05 41596.782470594124 2253.018848851029 
100 42 64 0.05 41596.782470594124 2253.018848851029 
100 42 96 0.05 41596.782470594124 2253.018848851029 
100 42 128 0.05 41596.782470594124 2253.018848851029 
100 42 256 0.05 41596.782470594124 2253.018848851029 
1k 42 8 0.056 19804.72414995154 1285.4188552611172 
1k 42 16 0.025 11607.731766855955 1285.4188552611172 
1k 42 32 0.006 2836.698184188443 1285.4188552611172 
1k 42 64 0.006 2836.698184188443 1285.4188552611172 
1k 42 96 0.002 982.3713230559781 1285.4188552611172 
1k 42 128 0.002 982.3713230559781 1285.4188552611172 
1k 42 256 0 0 1285.4188552611172 
10k 42 8 0.014 1963.3719613799665 498.8757702945851 
10k 42 16 0.014 1963.3719613799665 498.8757702945851 
10k 42 32 0.002 93.9075537600508 498.8757702945851 
10k 42 64 0.002 93.9075537600508 498.8757702945851 
10k 42 96 0.001 34.96163665439538 498.8757702945851 
10k 42 128 0.001 34.96163665439538 498.8757702945851 
10k 42 256 0.001 34.96163665439538 498.8757702945851 
100k 42 8 0.054 2602.725974682289 193.73764771942925 
100k 42 16 0.035 1337.1520163441035 193.73764771942925 
100k 42 32 0.006 268.86753099333185 193.73764771942925 
100k 42 64 0.002 54.17511994297226 193.73764771942925 
100k 42 96 0 0 193.73764771942925 
100k 42 128 0 0 193.73764771942925 
100k 42 256 0 0 193.73764771942925 
1m 42 8 0.048 1468.1027021572827 131.5152413028673 
1m 42 16 0.038 1216.5862496653508 131.5152413028673 
1m 42 32 0.008 220.8320502992286 131.5152413028673 
1m 42 64 0.002 87.8684892332192 131.5152413028673 
1m 42 96 0.002 87.8684892332192 131.5152413028673 
1m 42 128 0.001 84.33308289967646 131.5152413028673 
1m 42 256 0.001 84.33308289967646 131.5152413028673 
100 43 8 0.059 38622.83584743258 1118.997140277004 
100 43 16 0.048 32366.398852148697 1118.997140277004 
100 43 32 0 0 1118.997140277004 
100 43 64 0 0 1118.997140277004 
100 43 96 0 0 1118.997140277004 
100 43 128 0 0 1118.997140277004 
100 43 256 0 0 1118.997140277004 
1k 43 8 0.018 7471.06191415513 1107.5930378530072 
1k 43 16 0.018 7471.06191415513 1107.5930378530072 
1k 43 32 0.001 589.1912141164976 1107.5930378530072 
1k 43 64 0.001 589.1912141164976 1107.5930378530072 
1k 43 96 0.001 589.1912141164976 1107.5930378530072 
1k 43 128 0.001 589.1912141164976 1107.5930378530072 
1k 43 256 0 0 1107.5930378530072 
10k 43 8 0.014 1694.7964866109448 790.8008506419719 
10k 43 16 0.013 1666.4040661450265 790.8008506419719 
10k 43 32 0.003 301.7745688566712 790.8008506419719 
10k 43 64 0.003 301.7745688566712 790.8008506419719 
10k 43 96 0.002 237.36345638386206 790.8008506419719 
10k 43 128 0.002 237.36345638386206 790.8008506419719 
10k 43 256 0.002 237.36345638386206 790.8008506419719 
100k 43 8 0.058 3117.178746163515 304.32738581583527 
100k 43 16 0.036 1541.9176151738636 304.32738581583527 
100k 43 32 0.004 274.68355748637356 304.32738581583527 
100k 43 64 0.004 274.68355748637356 304.32738581583527 
100k 43 96 0.004 274.68355748637356 304.32738581583527 
100k 43 128 0 0 304.32738581583527 
100k 43 256 0 0 304.32738581583527 
1m 43 8 0.06 1865.7730235382335 146.70320912337246 
1m 43 16 0.051 1732.2866243729156 146.70320912337246 
1m 43 32 0.016 444.26391136169946 146.70320912337246 
1m 43 64 0.01 364.6561410998462 146.70320912337246 
1m 43 96 0.01 364.6561410998462 146.70320912337246 
1m 43 128 0.01 364.6561410998462 146.70320912337246 
1m 43 256 0.01 364.6561410998462 146.70320912337246 
100 44 8 0.046 34333.94313787979 3263.0998939422425 
100 44 16 0.029 15197.231842212037 3263.0998939422425 
100 44 32 0.016 8019.759084585017 3263.0998939422425 
100 44 64 0.023 14134.73929599053 3263.0998939422425 
100 44 96 0.023 14134.73929599053 3263.0998939422425 
100 44 128 0.023 14134.73929599053 3263.0998939422425 
100 44 256 0.023 14134.73929599053 3263.0998939422425 
1k 44 8 0.011 4371.327617499424 1230.8808384412728 
1k 44 16 0.011 4371.327617499424 1230.8808384412728 
1k 44 32 0.004 929.2210623386524 1230.8808384412728 
1k 44 64 0.002 180.55846792217915 1230.8808384412728 
1k 44 96 0.002 180.55846792217915 1230.8808384412728 
1k 44 128 0.002 180.55846792217915 1230.8808384412728 
1k 44 256 0 0 1230.8808384412728 
10k 44 8 0.013 1947.5574819129279 812.8899058631514 
10k 44 16 0.012 1917.3247660628303 812.8899058631514 
10k 44 32 0.003 597.3871749936787 812.8899058631514 
10k 44 64 0.003 597.3871749936787 812.8899058631514 
10k 44 96 0 0 812.8899058631514 
10k 44 128 0 0 812.8899058631514 
10k 44 256 0 0 812.8899058631514 
100k 44 8 0.044 2923.015195526538 212.65262603436966 
100k 44 16 0.022 1720.4040610100194 212.65262603436966 
100k 44 32 0.007 454.1289586676289 212.65262603436966 
100k 44 64 0.002 169.73487223859826 212.65262603436966 
100k 44 96 0.002 169.73487223859826 212.65262603436966 
100k 44 128 0 0 212.65262603436966 
100k 44 256 0 0 212.65262603436966 
1m 44 8 0.071 2508.1390218485276 125.39605653349945 
1m 44 16 0.061 2125.386087003661 125.39605653349945 
1m 44 32 0.032 1379.647274600141 125.39605653349945 
1m 44 64 0.024 1181.4916642054252 125.39605653349945 
1m 44 96 0.024 1181.4916642054252 125.39605653349945 
1m 44 128 0.023 1136.9509123946673 125.39605653349945 
1m 44 256 0.023 1136.9509123946673 125.39605653349945 
100 45 8 0.065 62962.016628902165 1575.7295582061743 
100 45 16 0.004 1948.5983030689088 1575.7295582061743 
100 45 32 0.004 1948.5983030689088 1575.7295582061743 
100 45 64 0 0 1575.7295582061743 
100 45 96 0 0 1575.7295582061743 
100 45 128 0 0 1575.7295582061743 
100 45 256 0 0 1575.7295582061743 
1k 45 8 0.016 4846.056193378938 1074.6243928550923 
1k 45 16 0.016 4846.056193378938 1074.6243928550923 
1k 45 32 0.004 870.1754912633448 1074.6243928550923 
1k 45 64 0.001 19.683670520145448 1074.6243928550923 
1k 45 96 0.001 19.683670520145448 1074.6243928550923 
1k 45 128 0.001 19.683670520145448 1074.6243928550923 
1k 45 256 0 0 1074.6243928550923 
10k 45 8 0.008 1687.8519248580662 653.6840481728468 
10k 45 16 0.008 1687.8519248580662 653.6840481728468 
10k 45 32 0 0 653.6840481728468 
10k 45 64 0 0 653.6840481728468 
10k 45 96 0 0 653.6840481728468 
10k 45 128 0 0 653.6840481728468 
10k 45 256 0 0 653.6840481728468 
100k 45 8 0.007 376.05982435670904 192.56192731118438 
100k 45 16 0.024 1240.499586417913 192.56192731118438 
100k 45 32 0.007 376.05982435670904 192.56192731118438 
100k 45 64 0.004 343.349558323641 192.56192731118438 
100k 45 96 0.004 343.349558323641 192.56192731118438 
100k 45 128 0.004 343.349558323641 192.56192731118438 
100k 45 256 0.004 343.349558323641 192.56192731118438 
1m 45 8 0.092 3545.763044068282 75.08687943495548 
1m 45 16 0.081 3172.3877608540206 75.08687943495548 
1m 45 32 0.05 1986.698602294526 75.08687943495548 
1m 45 64 0.039 1589.1784015574485 75.08687943495548 
1m 45 96 0.039 1589.1784015574485 75.08687943495548 
1m 45 128 0.039 1589.1784015574485 75.08687943495548 
1m 45 256 0.039 1589.1784015574485 75.08687943495548 
100 46 8 0.073 79781.43245090017 1334.4206467807737 
100 46 16 0.021 17758.519538811128 1334.4206467807737 
100 46 32 0.018 17598.839912288426 1334.4206467807737 
100 46 64 0.018 17598.839912288426 1334.4206467807737 
100 46 96 0.018 17598.839912288426 1334.4206467807737 
100 46 128 0.018 17598.839912288426 1334.4206467807737 
100 46 256 0.018 17598.839912288426 1334.4206467807737 
1k 46 8 0.039 8567.224983398852 1232.962931577581 
1k 46 16 0.016 2694.6772845607506 1232.962931577581 
1k 46 32 0.003 863.2792828015489 1232.962931577581 
1k 46 64 0 0 1232.962931577581 
1k 46 96 0 0 1232.962931577581 
1k 46 128 0 0 1232.962931577581 
1k 46 256 0 0 1232.962931577581 
10k 46 8 0.011 1264.592420575294 834.6404831975399 
10k 46 16 0.011 1264.592420575294 834.6404831975399 
10k 46 32 0.002 189.01501625389642 834.6404831975399 
10k 46 64 0.002 189.01501625389642 834.6404831975399 
10k 46 96 0.001 143.90467336900323 834.6404831975399 
10k 46 128 0.001 143.90467336900323 834.6404831975399 
10k 46 256 0.001 143.90467336900323 834.6404831975399 
100k 46 8 0.051 3480.6272688025642 238.39866784528903 
100k 46 16 0.03 2035.137728481869 238.39866784528903 
100k 46 32 0.009 606.9577873529131 238.39866784528903 
100k 46 64 0.003 168.52970248148964 238.39866784528903 
100k 46 96 0 0 238.39866784528903 
100k 46 128 0 0 238.39866784528903 
100k 46 256 0 0 238.39866784528903 
1m 46 8 0.082 3034.1478253929995 126.27900471007209 
1m 46 16 0.074 2716.505848964386 126.27900471007209 
1m 46 32 0.044 1729.6935501452476 126.27900471007209 
1m 46 64 0.038 1459.4917920084292 126.27900471007209 
1m 46 96 0.038 1459.4917920084292 126.27900471007209 
1m 46 128 0.037 1447.5777961227934 126.27900471007209 
1m 46 256 0.037 1447.5777961227934 126.27900471007209 
100 47 8 0.064 41052.52403548262 2385.839305916087 
100 47 16 0.003 1179.7655632976782 2385.839305916087 
100 47 32 0 0 2385.839305916087 
100 47 64 0 0 2385.839305916087 
100 47 96 0 0 2385.839305916087 
100 47 128 0 0 2385.839305916087 
100 47 256 0 0 2385.839305916087 
1k 47 8 0.058 15151.51872976 1580.8831138911776 
1k 47 16 0.027 6398.045596008432 1580.8831138911776 
1k 47 32 0.008 969.6279905790481 1580.8831138911776 
1k 47 64 0 0 1580.8831138911776 
1k 47 96 0 0 1580.8831138911776 
1k 47 128 0 0 1580.8831138911776 
1k 47 256 0 0 1580.8831138911776 
10k 47 8 0.014 1682.3023946854325 643.4620849014977 
10k 47 16 0.014 1682.3023946854325 643.4620849014977 
10k 47 32 0.001 40.54611541196401 643.4620849014977 
10k 47 64 0.001 40.54611541196401 643.4620849014977 
10k 47 96 0 0 643.4620849014977 
10k 47 128 0 0 643.4620849014977 
10k 47 256 0 0 643.4620849014977 
100k 47 8 0.011 361.70385343570825 380.0461134532109 
100k 47 16 0.04 2735.5134525864883 380.0461134532109 
100k 47 32 0.008 201.58872825239612 380.0461134532109 
100k 47 64 0.001 11.391879947665497 380.0461134532109 
100k 47 96 0.001 11.391879947665497 380.0461134532109 
100k 47 128 0.001 11.391879947665497 380.0461134532109 
100k 47 256 0.001 11.391879947665497 380.0461134532109 
1m 47 8 0.057 2253.2577100204107 157.56688950701002 
1m 47 16 0.05 2039.5213092367142 157.56688950701002 
1m 47 32 0.022 1044.3139248840741 157.56688950701002 
1m 47 64 0.02 971.9810314420682 157.56688950701002 
1m 47 96 0.02 971.9810314420682 157.56688950701002 
1m 47 128 0.018 932.1052725772879 157.56688950701002 
1m 47 256 0.018 932.1052725772879 157.56688950701002 
100 48 8 0.069 75600.96782052821 2232.3250041419337 
100 48 16 0.051 62322.653737088614 2232.3250041419337 
100 48 32 0.005 2047.7559738225655 2232.3250041419337 
100 48 64 0 0 2232.3250041419337 
100 48 96 0 0 2232.3250041419337 
100 48 128 0 0 2232.3250041419337 
100 48 256 0 0 2232.3250041419337 
1k 48 8 0.018 3597.645353760516 629.5945071711739 
1k 48 16 0.018 3597.645353760516 629.5945071711739 
1k 48 32 0.002 636.0485503801084 629.5945071711739 
1k 48 64 0 0 629.5945071711739 
1k 48 96 0 0 629.5945071711739 
1k 48 128 0 0 629.5945071711739 
1k 48 256 0 0 629.5945071711739 
10k 48 8 0.008 663.213404104169 680.2190354706973 
10k 48 16 0.023 2064.2727516590326 680.2190354706973 
10k 48 32 0.002 132.57445634631748 680.2190354706973 
10k 48 64 0.002 132.57445634631748 680.2190354706973 
10k 48 96 0 0 680.2190354706973 
10k 48 128 0 0 680.2190354706973 
10k 48 256 0 0 680.2190354706973 
100k 48 8 0.05 3383.704035523921 277.53339861418846 
100k 48 16 0.036 2033.8026503546641 277.53339861418846 
100k 48 32 0.008 510.09378454437325 277.53339861418846 
100k 48 64 0.003 147.70849233378382 277.53339861418846 
100k 48 96 0 0 277.53339861418846 
100k 48 128 0 0 277.53339861418846 
100k 48 256 0 0 277.53339861418846 
1m 48 8 0.053 1699.1023634117416 32.9153805248356 
1m 48 16 0.046 1414.4085975422975 32.9153805248356 
1m 48 32 0.008 215.13307256385596 32.9153805248356 
1m 48 64 0.005 185.5966131326027 32.9153805248356 
1m 48 96 0.005 185.5966131326027 32.9153805248356 
1m 48 128 0.004 130.4293916400464 32.9153805248356 
1m 48 256 0.004 130.4293916400464 32.9153805248356 
100 49 8 0.026 16104.767963037284 2550.902687600288 
100 49 16 0.012 5515.174456202155 2550.902687600288 
100 49 32 0 0 2550.902687600288 
100 49 64 0 0 2550.902687600288 
100 49 96 0 0 2550.902687600288 
100 49 128 0 0 2550.902687600288 
100 49 256 0 0 2550.902687600288 
1k 49 8 0.011 3114.8298279575106 968.5199317532139 
1k 49 16 0.011 3114.8298279575106 968.5199317532139 
1k 49 32 0.003 728.7014131835083 968.5199317532139 
1k 49 64 0.002 621.415804081118 968.5199317532139 
1k 49 96 0.002 621.415804081118 968.5199317532139 
1k 49 128 0.002 621.415804081118 968.5199317532139 
1k 49 256 0 0 968.5199317532139 
10k 49 8 0.011 1308.870607095275 652.5195348313815 
10k 49 16 0.01 1248.8176859980706 652.5195348313815 
10k 49 32 0.002 235.9829150332714 652.5195348313815 
10k 49 64 0.002 235.9829150332714 652.5195348313815 
10k 49 96 0.001 151.21690500027324 652.5195348313815 
10k 49 128 0.001 151.21690500027324 652.5195348313815 
10k 49 256 0.001 151.21690500027324 652.5195348313815 
100k 49 8 0.044 2791.5112555416445 227.54506229204895 
100k 49 16 0.029 1740.617356020974 227.54506229204895 
100k 49 32 0.001 15.708419335789571 227.54506229204895 
100k 49 64 0.001 15.708419335789571 227.54506229204895 
100k 49 96 0.001 15.708419335789571 227.54506229204895 
100k 49 128 0 0 227.54506229204895 
100k 49 256 0 0 227.54506229204895 
1m 49 8 0.064 2475.341407524713 142.92815509453956 
1m 49 16 0.058 2349.5471970523463 142.92815509453956 
1m 49 32 0.026 1264.8634826479256 142.92815509453956 
1m 49 64 0.022 1088.2369574402696 142.92815509453956 
1m 49 96 0.022 1088.2369574402696 142.92815509453956 
1m 49 128 0.021 1064.2206734152148 142.92815509453956 
1m 49 256 0.021 1064.2206734152148 142.92815509453956 
100 5 8 0.051 30935.758194967824 1577.1233352692045 
100 5 16 0.006 3433.35148709372 1577.1233352692045 
100 5 32 0 0 1577.1233352692045 
100 5 64 0 0 1577.1233352692045 
100 5 96 0 0 1577.1233352692045 
100 5 128 0 0 1577.1233352692045 
100 5 256 0 0 1577.1233352692045 
1k 5 8 0.013 3045.3366124835807 978.0398164555742 
1k 5 16 0.012 2864.0072048666693 978.0398164555742 
1k 5 32 0 0 978.0398164555742 
1k 5 64 0 0 978.0398164555742 
1k 5 96 0 0 978.0398164555742 
1k 5 128 0 0 978.0398164555742 
1k 5 256 0 0 978.0398164555742 
10k 5 8 0.01 909.3297150817443 124.1996503514873 
10k 5 16 0.01 909.3297150817443 124.1996503514873 
10k 5 32 0.003 265.09823786909675 124.1996503514873 
10k 5 64 0.003 265.09823786909675 124.1996503514873 
10k 5 96 0.001 87.70286689498474 124.1996503514873 
10k 5 128 0.001 87.70286689498474 124.1996503514873 
10k 5 256 0.001 87.70286689498474 124.1996503514873 
100k 5 8 0.046 2775.1001875508 224.21351293062523 
100k 5 16 0.036 1658.0202526058627 224.21351293062523 
100k 5 32 0.011 425.33221697536123 224.21351293062523 
100k 5 64 0.004 32.53936957801247 224.21351293062523 
100k 5 96 0.004 32.53936957801247 224.21351293062523 
100k 5 128 0 0 224.21351293062523 
100k 5 256 0 0 224.21351293062523 
1m 5 8 0.046 1279.4807850117295 73.27300881399815 
1m 5 16 0.041 1176.290357464168 73.27300881399815 
1m 5 32 0.002 58.355803285615536 73.27300881399815 
1m 5 64 0 0 73.27300881399815 
1m 5 96 0 0 73.27300881399815 
1m 5 128 0 0 73.27300881399815 
1m 5 256 0 0 73.27300881399815 
100 6 8 0.045 33432.153948650426 3326.7690285742356 
100 6 16 0.008 5578.845158547866 3326.7690285742356 
100 6 32 0 0 3326.7690285742356 
100 6 64 0 0 3326.7690285742356 
100 6 96 0 0 3326.7690285742356 
100 6 128 0 0 3326.7690285742356 
100 6 256 0 0 3326.7690285742356 
1k 6 8 0.013 2568.830407863707 1331.816450044555 
1k 6 16 0.012 2414.2720260413694 1331.816450044555 
1k 6 32 0.006 633.8647029228194 1331.816450044555 
1k 6 64 0.002 305.2250786899703 1331.816450044555 
1k 6 96 0.002 305.2250786899703 1331.816450044555 
1k 6 128 0.002 305.2250786899703 1331.816450044555 
1k 6 256 0 0 1331.816450044555 
10k 6 8 0.008 830.5996373128623 406.9136591278756 
10k 6 16 0.007 828.1850053599235 406.9136591278756 
10k 6 32 0.003 85.81570385869587 406.9136591278756 
10k 6 64 0.003 85.81570385869587 406.9136591278756 
10k 6 96 0.002 68.27079056183254 406.9136591278756 
10k 6 128 0.002 68.27079056183254 406.9136591278756 
10k 6 256 0.002 68.27079056183254 406.9136591278756 
100k 6 8 0.042 2389.2581536267276 160.73175314049018 
100k 6 16 0.023 1024.4835092299493 160.73175314049018 
100k 6 32 0 0 160.73175314049018 
100k 6 64 0 0 160.73175314049018 
100k 6 96 0 0 160.73175314049018 
100k 6 128 0 0 160.73175314049018 
100k 6 256 0 0 160.73175314049018 
1m 6 8 0.083 3085.3083782911253 157.56688950701002 
1m 6 16 0.072 2586.430341039777 157.56688950701002 
1m 6 32 0.055 2094.052503600943 157.56688950701002 
1m 6 64 0.048 1458.1239944673273 157.56688950701002 
1m 6 96 0.048 1458.1239944673273 157.56688950701002 
1m 6 128 0.047 1430.7200810341647 157.56688950701002 
1m 6 256 0.047 1430.7200810341647 157.56688950701002 
100 7 8 0.048 26457.51139433867 2106.306440717769 
100 7 16 0.034 20921.374029919545 2106.306440717769 
100 7 32 0 0 2106.306440717769 
100 7 64 0 0 2106.306440717769 
100 7 96 0 0 2106.306440717769 
100 7 128 0 0 2106.306440717769 
100 7 256 0 0 2106.306440717769 
1k 7 8 0.021 7794.868517003776 895.6596064796695 
1k 7 16 0.021 7794.868517003776 895.6596064796695 
1k 7 32 0.002 819.4939361140509 895.6596064796695 
1k 7 64 0.001 412.1875144459435 895.6596064796695 
1k 7 96 0.001 412.1875144459435 895.6596064796695 
1k 7 128 0.001 412.1875144459435 895.6596064796695 
1k 7 256 0 0 895.6596064796695 
10k 7 8 0.014 1853.1615451057764 637.8688537666458 
10k 7 16 0.025 3055.399547259779 637.8688537666458 
10k 7 32 0.002 251.75480987552274 637.8688537666458 
10k 7 64 0.002 251.75480987552274 637.8688537666458 
10k 7 96 0.001 33.664299164654224 637.8688537666458 
10k 7 128 0.001 33.664299164654224 637.8688537666458 
10k 7 256 0.001 33.664299164654224 637.8688537666458 
100k 7 8 0.05 2644.991518607262 337.1931682488591 
100k 7 16 0.032 1677.833914786053 337.1931682488591 
100k 7 32 0.01 491.37996056425214 337.1931682488591 
100k 7 64 0.003 218.8763113554768 337.1931682488591 
100k 7 96 0.001 55.335756060116516 337.1931682488591 
100k 7 128 0.001 55.335756060116516 337.1931682488591 
100k 7 256 0.001 55.335756060116516 337.1931682488591 
1m 7 8 0.089 2993.4989831896078 104.2991276342327 
1m 7 16 0.075 2549.298949995595 104.2991276342327 
1m 7 32 0.051 1776.1879511668249 104.2991276342327 
1m 7 64 0.045 1584.197466566859 104.2991276342327 
1m 7 96 0.045 1584.197466566859 104.2991276342327 
1m 7 128 0.044 1571.4917090664471 104.2991276342327 
1m 7 256 0.044 1571.4917090664471 104.2991276342327 
100 8 8 0.038 22910.45665544615 3462.897798639995 
100 8 16 0.007 5380.726050063534 3462.897798639995 
100 8 32 0.017 11596.281675096736 3462.897798639995 
100 8 64 0.017 11596.281675096736 3462.897798639995 
100 8 96 0.017 11596.281675096736 3462.897798639995 
100 8 128 0.017 11596.281675096736 3462.897798639995 
100 8 256 0.017 11596.281675096736 3462.897798639995 
1k 8 8 0.04 10136.790918562745 1632.4582744825605 
1k 8 16 0.011 3164.2008416569356 1632.4582744825605 
1k 8 32 0.001 182.48900965637364 1632.4582744825605 
1k 8 64 0 0 1632.4582744825605 
1k 8 96 0 0 1632.4582744825605 
1k 8 128 0 0 1632.4582744825605 
1k 8 256 0 0 1632.4582744825605 
10k 8 8 0.014 1363.2128035774385 455.4737165567295 
10k 8 16 0.029 3008.2693308211697 455.4737165567295 
10k 8 32 0.001 46.42713840413874 455.4737165567295 
10k 8 64 0.001 46.42713840413874 455.4737165567295 
10k 8 96 0 0 455.4737165567295 
10k 8 128 0 0 455.4737165567295 
10k 8 256 0 0 455.4737165567295 
100k 8 8 0.049 2842.2489486658487 291.9394453981997 
100k 8 16 0.033 1604.2014566765308 291.9394453981997 
100k 8 32 0.009 341.6287732687511 291.9394453981997 
100k 8 64 0 0 291.9394453981997 
100k 8 96 0 0 291.9394453981997 
100k 8 128 0 0 291.9394453981997 
100k 8 256 0 0 291.9394453981997 
1m 8 8 0.057 1870.1054861632936 59.74495738036059 
1m 8 16 0.049 1675.6306776917672 59.74495738036059 
1m 8 32 0.032 878.6816704628488 59.74495738036059 
1m 8 64 0.029 813.845073086214 59.74495738036059 
1m 8 96 0.029 813.845073086214 59.74495738036059 
1m 8 128 0.028 785.4147826309492 59.74495738036059 
1m 8 256 0.028 785.4147826309492 59.74495738036059 
100 9 8 0.036 31596.825902439326 2397.324022052441 
100 9 16 0.004 1422.7002449624465 2397.324022052441 
100 9 32 0.004 1422.7002449624465 2397.324022052441 
100 9 64 0 0 2397.324022052441 
100 9 96 0 0 2397.324022052441 
100 9 128 0 0 2397.324022052441 
100 9 256 0 0 2397.324022052441 
1k 9 8 0.017 5570.954754360765 1102.1112647588764 
1k 9 16 0.017 5570.954754360765 1102.1112647588764 
1k 9 32 0.003 170.67974539576772 1102.1112647588764 
1k 9 64 0 0 1102.1112647588764 
1k 9 96 0 0 1102.1112647588764 
1k 9 128 0 0 1102.1112647588764 
1k 9 256 0 0 1102.1112647588764 
10k 9 8 0.015 1598.2744861135013 533.2429027886685 
10k 9 16 0.028 2953.246709361784 533.2429027886685 
10k 9 32 0.005 410.59164227822026 533.2429027886685 
10k 9 64 0.005 410.59164227822026 533.2429027886685 
10k 9 96 0.002 153.3347743251135 533.2429027886685 
10k 9 128 0.002 153.3347743251135 533.2429027886685 
10k 9 256 0.002 153.3347743251135 533.2429027886685 
100k 9 8 0.036 1638.164730392005 343.20937716594193 
100k 9 16 0.024 976.8492120871166 343.20937716594193 
100k 9 32 0.002 161.4856647530419 343.20937716594193 
100k 9 64 0.002 161.4856647530419 343.20937716594193 
100k 9 96 0 0 343.20937716594193 
100k 9 128 0 0 343.20937716594193 
100k 9 256 0 0 343.20937716594193 
1m 9 8 0.044 1052.215271293497 78.77833848681479 
1m 9 16 0.035 834.8112752879227 78.77833848681479 
1m 9 32 0.007 112.42779985918382 78.77833848681479 
1m 9 64 0.001 7.01132973800585 78.77833848681479 
1m 9 96 0.001 7.01132973800585 78.77833848681479 
1m 9 128 0.001 7.01132973800585 78.77833848681479 
1m 9 256 0.001 7.01132973800585 78.77833848681479 
